id,xcenter,ycenter,sky_center,aperture_sum
1,10030.655982977365,6480.181456019346,"258.71694945608044,56.51796270038886",431794.51699804113
2,9867.769493236825,6597.136364297726,"258.7449049843085,56.34826101083725",6690635.207297145
3,9704.860562232852,6714.10624629116,"258.77261274969237,56.178553248637485",8603604.25923632
4,9543.493133301872,6833.246333884667,"258.795336712242,56.00860034624876",7941689.732044948
5,9380.543372766795,6950.243477747366,"258.82258021019044,55.83888134330258",21847735.16005045
6,9215.028857929414,7069.081176321422,"258.85000695819446,55.6665042930851",3587391.0002611508
7,9052.043737920496,7186.101962283867,"258.8767766532617,55.49677308887971",4637760.496317561
8,8889.043587343207,7303.132791119071,"258.90331649649147,55.32703625982787",4601620.390444254
9,8681.742470359157,7455.247838318068,"258.93235459586225,55.109318785171304",4343517.065465335
10,8518.713033866348,7572.298267069716,"258.9584019359982,54.93956986672889",6066481.340471246
11,8355.673226680878,7689.355647576922,"258.98423020624386,54.769815393242006",3572470.394372189
12,8190.076832913792,7808.248149742891,"259.01024109552145,54.59740290782215",4884578.738267403
13,8027.020615108792,7925.31655227158,"259.0356374423459,54.42763748106974",4704763.0266440585
14,7863.9585321785435,8042.388905424672,"259.06082415623115,54.257866787366325",4339902.565798429
15,7698.344006003109,8161.293628687843,"259.08619295986995,54.08543799307636",3916090.0954928277
16,7535.2744632406,8278.371048453104,"259.11096625614607,53.91565677657133",3829741.701425586
17,7326.3396828679015,8428.377848826492,"259.14241411957084,53.69811715623106",5572670.421398432
18,7163.268983822412,8545.456150992984,"259.1667337145887,53.528324431043956",7659374.510719351
19,6997.652245702162,8664.362562274382,"259.1912344634584,53.35587361749811",9630906.57881237
20,6834.58696325559,8781.437357106463,"259.21516524922924,53.18607106567527",4856951.37798159
21,6671.526532292226,8898.508974879112,"259.2389072145612,53.01626367357744",4370033.514208795
22,6505.924822071014,9017.405534284784,"259.26282957958756,52.8437982103007",4719054.268434154
23,6342.878758787968,9134.467689151144,"259.2861988911909,52.67398136250382",3374415.6896269526
24,6179.842052763116,9251.523665712013,"259.30938717071257,52.504159920770135",4246172.781655727
25,5969.40451787014,9399.335255779235,"259.34317308932685,52.28678802452008",3403091.1956457794
26,5806.394792322798,9516.373392595146,"259.36594084515946,52.11695558355496",3443547.755050865
27,5643.399084902339,9633.402259369028,"259.38853573554223,51.94711855981429",3519347.49397185
28,5477.872781095486,9752.248955959854,"259.4113091025737,51.77462355967305",5939978.370841237
29,5314.91039291905,9869.255738101638,"259.433562579758,51.604778074144996",4815921.059527869
30,5150.403738157662,9984.094516571035,"259.45990374514827,51.435142267484885",6896638.976519743
31,4987.480165048314,10101.075575686027,"259.48181141032995,51.265287599364996",504070.2411485493
32,4824.578022226457,10218.04243303519,"259.50355770506667,51.09542864159896",nan
33,9933.180738363046,6340.374812362642,"259.02391104890603,56.535721949456224",2702940.7324187225
34,9767.749204605649,6459.157680055227,"259.0509678699885,56.3633023646117",5852710.506469862
35,9604.840207008214,6576.1281727248315,"259.0773702412438,56.193529888917354",3834128.155127292
36,9443.47273683369,6695.268849119754,"259.09879646456534,56.02352417482482",7185041.199991494
37,9280.522950844097,6812.2665763845325,"259.12475699734745,55.85374153545511",15433433.0874409
38,9117.55498639751,6929.276451025468,"259.15049159724555,55.68395344548693",3644928.4832995697
39,8952.023326963696,7048.126195010326,"259.1764005530765,55.511506677073044",5663834.667733008
40,8789.023212737642,7165.157565748837,"259.2016899460122,55.34170784568513",4797001.099808129
41,8581.722178187796,7317.273280479339,"259.229137820374,55.123922786791695",4447732.719093952
42,8418.692825035607,7434.324220036275,"259.2539584171227,54.95411300914365",8645048.724247985
43,8255.653121718226,7551.382097606649,"259.2785700717107,54.784298185366914",6767652.270224297
44,8090.056854460585,7670.275090541485,"259.3033555531891,54.611824920001126",6141197.748787793
45,7927.00078192087,7787.343962449375,"259.3275552609771,54.44200014646331",4655649.27435532
46,7763.938864804348,7904.416771254664,"259.35155503552556,54.27217059307753",4563617.769047276
47,7598.324528073032,8023.321943245074,"259.37572814047536,54.099682510789705",4243218.443101785
48,7435.255192562324,8140.399791010786,"259.399333634039,53.92984339532384",4135036.8217345304
49,7226.320707790568,8290.407119724172,"259.42929881509275,53.712230272726295",4633230.289887887
50,7063.25026292686,8407.485818623198,"259.4524716206952,53.5423807030737",9466281.355280688
51,6897.633804026828,8526.392618816806,"259.47581687482125,53.369872619065085",4366227.20424644
52,6734.568817253352,8643.467782780357,"259.498618888974,53.200014126583625",4329415.652689017
53,6571.508702556657,8760.539756000506,"259.52124083612995,53.0301512327945",5726091.968404662
54,6405.907334628091,8879.436662407807,"259.5440345193755,52.85762984367333",3850338.447334732
55,6242.861629137126,8996.49914515984,"259.5663010948885,52.68775836061184",4417624.2815376315
56,6079.825301513991,9113.555435942431,"259.58839503687494,52.5178827045577",4449492.420423955
57,5869.388272570468,9261.36741086837,"259.6207936297298,52.30043157205641",3915309.0637413366
58,5706.378972271703,9378.405830492628,"259.6424857514431,52.13054589546751",4785736.502085032
59,5540.836989034896,9497.263496498785,"259.6643481131483,51.958001434538936",4119221.78387777
60,5377.857880876546,9614.281922445505,"259.6857102368828,51.7881077849071",4354628.791214916
61,5214.89598016162,9731.28894628461,"259.70691198129026,51.618210259894646",4632179.416460345
62,5050.389823561404,9846.12795369976,"259.7322116624434,51.4485126161878",7023417.222418418
63,4887.466779008191,9963.109227016366,"259.75308289186864,51.27860671376977",3028737.9526821375
64,4722.019986093281,10081.903805918815,"259.77412276732275,51.10604198373869",380851.52741726884
65,9833.160039778462,6202.395735477228,"259.33154782153866,56.550094393647214",4373954.055168246
66,9670.273728513705,6319.351632020918,"259.35686989999294,56.38026532353108",3586010.526729392
67,9504.819328854892,6438.150306211224,"259.3823574956248,56.20777755993155",3942659.4214165118
68,9343.45180503263,6557.29155446009,"259.40248295888586,56.03772211185561",5093858.753413698
69,9180.501981502353,6674.289847952818,"259.427157390715,55.86787887285187",3598976.518232704
70,9017.534000008842,6791.300275057138,"259.45161688941704,55.69803070780329",3490338.065581239
71,8854.549148530627,6908.321988744232,"259.47586469664566,55.52817749230667",4437747.900280313
72,8689.002254304556,7027.182461523106,"259.5002778878389,55.35566558173274",5543801.381419519
73,8484.248477218749,7177.4699908122375,"259.52576177922913,55.140470803325115",3875764.3565564756
74,8318.672004560096,7296.350255200845,"259.54972297899343,54.96794897945071",8054805.742884305
75,8155.632393062597,7413.408612661038,"259.57311522045705,54.798076687419965",6930666.472477907
76,7990.036240083322,7532.302078922094,"259.59667250381455,54.625545545336436",5815006.052215055
77,7826.980300771016,7649.371403033687,"259.61967287411386,54.455664260434226",4685691.870147385
78,7663.918537435116,7766.444650313921,"259.6424830583446,54.28577866014559",5196111.764002611
79,7498.304377931504,7885.350253583931,"259.6654578197032,54.113234123739765",4149878.508100587
80,7335.23523764863,8002.428512168799,"259.68789295207216,53.943339877408285",4799439.300528356
81,7126.301033078234,8152.436347204868,"259.7163722374072,53.725656767490506",4172397.045591058
82,6963.230830381415,8269.515425648915,"259.7383957949091,53.55575307237884",7396223.368482434
83,6797.614638502948,8388.42259729543,"259.7605831003629,53.383190457868174",4725838.864056048
84,6634.549935394971,8505.498113196138,"259.78225396830516,53.21327870162489",4227848.143757692
85,6471.490124960659,8622.57042466566,"259.8037535630556,53.04336296257727",5068061.336521707
86,6305.889087136045,8741.467660603676,"259.8254162342398,52.87078832488849",3878848.9406072483
87,6142.843727438737,8858.530454034653,"259.8465778181759,52.7008648225807",4257627.444210198
88,5977.260463677844,8977.4159592674,"259.86790199175675,52.528282459364625",6689982.413570075
89,5769.371228172325,9123.399379323542,"259.89858355588956,52.31341046690599",4065046.144191229
90,5603.815392009244,9242.266753631102,"259.9195187659332,52.14081877668289",4788054.5388614135
91,5440.820798723998,9359.295986306495,"259.9399739220253,51.97087856377215",5840967.067593449
92,5277.842145405556,9476.314650340282,"259.96027443158886,51.80093499844284",3763435.499340074
93,5114.880720166611,9593.321898635166,"259.9804224144642,51.630987930653674",4213984.684747184
94,4950.375050053769,9708.161117518366,"260.0046784946789,51.46123091798203",4151964.570678765
95,4784.90698114963,9826.970343748184,"260.02482005365664,51.28862062725016",3648585.6271595303
96,4622.006274937987,9943.937352779107,"260.04450430036695,51.11866234291995",2614278.449780822
97,9733.139095466195,6064.417206951803,"259.639408793678,56.56373061418407",3877628.6083584777
98,9570.252672612245,6181.373693799694,"259.6634073848469,56.39384249186627",4251971.0248497855
99,9407.343846822154,6298.345128391827,"259.68719267490576,56.2239499411882",16188584.339802966
100,9243.430590706019,6419.314756568677,"259.7063844898324,56.05119319503406",6386093.608721874
101,9080.48071754931,6536.313599108871,"259.7297698370871,55.88129240568937",4104205.669838843
102,8917.512706929534,6653.324561497253,"259.7529513057342,55.711387189139245",3747899.0190117387
103,8754.527846832761,6770.346796709125,"259.77593197339326,55.54147741348881",4646976.545645521
104,8593.090760286444,6889.535003373627,"259.7940442841351,55.371362003189006",3775143.0479205693
105,8384.22723790995,7039.495930793186,"259.8229752697116,55.153654613816144",8206825.185493684
106,8218.650825246288,7158.376679189752,"259.8456848318085,54.98107688983169",30721986.50559498
107,8055.611293519321,7275.435499361034,"259.8678549988857,54.811150022787146",4046682.536292045
108,7892.562930989183,7392.500246243679,"259.8898393839536,54.64121911592229",4282439.103981436
109,7726.959424461699,7511.399180634868,"259.91197989566035,54.468628968375526",4904859.992746875
110,7563.89780287167,7628.472849208001,"259.9335979679159,54.298690144603846",4253199.960055051
111,7398.283808377375,7747.3788663052,"259.95537186989054,54.12609199858339",4823077.959497365
112,7235.214851296118,7864.457518523233,"259.97663420755316,53.95614539976517",7066509.0159890065
113,7026.280911524145,8014.465837858878,"260.0036245408913,53.7383958303904",6007389.795750548
114,6863.210938976788,8131.545278656161,"260.02449651187334,53.56844073872464",4220874.479342155
115,6697.595001917988,8250.45280429195,"260.0455235348343,53.39582634355892",5090731.416015185
116,6534.530570464743,8367.528654931495,"260.06606099826934,53.225864010024125",4541935.504566766
117,6368.923299005516,8486.430513086872,"260.08675310315573,53.05324235094024",3962636.28830994
118,6205.870332371814,8603.498835442322,"260.1069654638795,52.8832728919968",4341157.07082373
119,6042.825306465889,8720.561922341944,"260.12701991141466,52.71329999557378",6402466.027698371
120,5877.242402812097,8839.447711633407,"260.14722832131696,52.54066785694091",4390122.843368138
121,5668.369382367486,8989.416015342884,"260.17249636565384,52.32288077755063",3949065.2209607507
122,5503.798208971813,9104.299094141488,"260.19637257119336,52.15308341615504",4224145.586406522
123,5340.804037901298,9221.328561310725,"260.21575615922643,51.98309545153685",4705820.236117606
124,5177.825827430501,9338.3474461935,"260.23499309369186,51.81310449389045",3616173.2840354443
125,5014.864865676596,9455.354901699873,"260.2540853862686,51.643110388265285",4500132.5444696825
126,4847.8138100732,9572.022290350658,"260.2775905624824,51.470640195070764",5265533.32349322
127,4684.892114099568,9689.003723189307,"260.29638094918386,51.300639167348585",4501851.337752716
128,4521.991933443323,9805.97089808129,"260.3150326251089,51.13063492392221",5686375.435287071
129,9633.118158235236,5926.439533458766,"259.94748172152146,56.57662966515412",3588167.300887762
130,9470.231611687326,6043.396593418928,"259.9701538330926,56.406685632528365",5400218.621180351
131,9308.885311427082,6162.524185944049,"259.9878509873067,56.236543508492154",22650760.658246912
132,9145.955099348104,6279.5103950005305,"260.010143241596,56.066592109541375",3987273.5542224124
133,8983.005459286935,6396.509572440939,"260.03223970642847,55.8966368931641",4909555.266172416
134,8817.491127092098,6515.349295740014,"260.05448408965873,55.72402203207127",6387540.962667001
135,8654.506246303637,6632.3720352934815,"260.0761948874942,55.554058705848796",4443034.665646921
136,8493.06916429111,6751.560726195972,"260.0930451770932,55.38390139228644",7796451.20353204
137,8284.205671937907,6901.522262424814,"260.12037851442193,55.16612657993216",7487018.33259708
138,8118.629307025914,7020.403477378675,"260.141833825392,54.99349592954575",12356862.397943217
139,7955.589843019611,7137.462743078315,"260.1627793912601,54.82351739125232",4255040.950358688
140,7792.541568759794,7254.527921749615,"260.18354930019973,54.65353524423609",3833728.7721880884
141,7626.938172922173,7373.427280616888,"260.2044665738095,54.48089349073829",4939985.622519985
142,7463.876681041991,7490.501353297051,"260.2248901399783,54.310904276893844",3824170.3115624697
143,7298.262839337145,7609.407766765409,"260.2454607940771,54.13825537573518",6352541.35670985
144,7135.1940534296955,7726.4867954271285,"260.26554802670796,53.9682592124618",7239265.782228845
145,6926.260363050925,7876.4955770349625,"260.2910465065509,53.750446723624435",4820907.970680095
146,6763.190608633334,7993.575362990381,"260.3107646710714,53.58044297359747",5769900.970251094
147,6597.574914190189,8112.483225148733,"260.3306291960078,53.40777955689897",4345867.8250173535
148,6434.51074237846,8229.559393325788,"260.3500311111436,53.237769341523446",4970452.379664687
149,6268.903755705736,8348.461559962645,"260.369579001919,53.06509943841835",4140150.6991547714
150,6105.851090245744,8465.53017225726,"260.3886735656109,52.895082852395916",4257199.469633887
151,5942.806386125805,8582.593535412543,"260.40761884079154,52.725063195533",4459980.859618692
152,5777.223830388417,8701.479591276242,"260.42670945428506,52.55238393591",3797878.198575501
153,5568.351279197468,8851.448211161103,"260.45057968369326,52.33453793551964",4629209.9134786315
154,5403.78048731233,8966.331522403452,"260.4733766106734,52.164684615775606",4078881.431423123
155,5240.786726459015,9083.361206832138,"260.4916867383172,51.99465144948201",4075658.231480934
156,5075.262507744582,9202.208662272782,"260.5101410814413,51.82195875226118",4151399.997750091
157,4912.302279044827,9319.216121142375,"260.52817373151834,51.65192007781409",3953435.0768534397
158,4749.360630864409,9436.21127462811,"260.546071553028,51.4818784315973",7257120.042507581
159,4584.876881440831,9551.037424878214,"260.5680821422479,51.31200683553821",5043920.91492487
160,4421.97721434545,9668.004748364458,"260.58569950906735,51.14195909136616",4651960.6648434205
161,9533.096782256596,5788.462057901715,"260.25575645670506,56.58879073804501",3817215.312205595
162,9370.210099910653,5905.419673779854,"260.2770992504689,56.418793948514136",4262012.137936066
163,9208.863804224144,6024.547961617338,"260.2934754395842,56.24861095931852",4732511.759522072
164,9045.933497523705,6141.534699325119,"260.3144615921937,56.078607682534596",4126486.323673893
165,8882.983783346144,6258.534391652549,"260.33526328361006,55.908601042088115",4853564.3065878805
166,8720.015759905273,6375.546327894093,"260.3558833398609,55.738590695402934",4229528.520768552
167,8554.484483319367,6494.397850505812,"260.3766424282629,55.56592055440765",4599361.614931436
168,8393.047393461748,6613.587008687351,"260.39222832596266,55.39572434461958",5017486.262580947
169,8184.1839156785,6763.549131704994,"260.41796083071597,55.17788590997563",3539862.4551174184
170,8021.155042406971,6880.60175921997,"260.43784998453015,55.00786201295975",4800005.925742949
171,7855.568177938163,6999.490489801756,"260.45787799332777,54.83517802153238",4156553.4950208184
172,7692.519979902716,7116.556083073949,"260.4774310788453,54.66514752433082",3679945.9386200174
173,7526.916682525336,7235.4558489601595,"260.49712277304695,54.492457075952764",4855389.798585705
174,7363.855308317652,7352.530308557483,"260.5163495688933,54.32242031497536",4683744.671713368
175,7198.241607180946,7471.4371009370025,"260.5357147162546,54.14972352266826",11598892.064702425
176,7035.172980417749,7588.516488849149,"260.55462465897364,53.979680592179214",8305969.901178905
177,6826.239524024506,7738.525710697277,"260.5786285414478,53.761808735446024",4877702.242376375
178,6663.169975714953,7855.605824612321,"260.59719080022467,53.59175907411135",5860300.703823087
179,6497.5545116809235,7974.514005823017,"260.6158907320786,53.41904940385098",5252502.67444425
180,6334.490587494813,8091.590474333112,"260.6341550717464,53.24899401065298",4220012.217097204
181,6168.883873407678,8210.49293197452,"260.6525567249872,53.07627858839566",5588667.473027283
182,6005.831497110618,8327.561816996624,"260.67053153347103,52.9062175374604",4759161.224040677
183,5840.239562318926,8446.454542160436,"260.6886432695617,52.73349644922055",5474059.485861759
184,5677.204882752862,8563.511744138397,"260.7063366063685,52.56343004394331",5582997.680281352
185,5468.332785434628,8713.4806581284,"260.7288066427959,52.34552845240852",5940025.598602178
186,5303.762363368145,8828.364184353797,"260.7505223417621,52.17562174158385",3896986.505119152
187,5138.2224992881,8947.222473775044,"260.76802545884055,52.002888631237994",3987459.944479245
188,4975.245207575066,9064.241713415977,"260.7851277556119,51.832810252845995",4233213.493112465
189,4812.285418687978,9181.249344789285,"260.8021012776083,51.66272957815024",3777975.789159277
190,4649.344230963416,9298.244657136112,"260.81894780614294,51.49264624452871",3591542.5493898606
191,4484.860837320434,9413.070791670603,"260.8399171735378,51.32272310033222",3989284.488329071
192,4321.961671789042,9530.038246483411,"260.8564985822635,51.1526343205273",4054694.729480572
193,9435.619992281496,5648.657846739731,"260.5639065659382,56.60286977604097",4598371.02508747
194,9272.733715421695,5765.61562234578,"260.5839201519656,56.43282364300087",4785527.902854774
195,9108.84208657594,5886.572207719241,"260.5992842250308,56.2599458966522",6512307.282621388
196,8945.91167316423,6003.559456882458,"260.61896169876,56.08989385189742",15713802.368054975
197,8782.9618727864,6120.559646902799,"260.6384660872837,55.919838870532175",5484196.138410567
198,8619.993783663122,6237.572067078285,"260.6578000442738,55.74978060345661",4412257.261602524
199,8456.025334650778,6358.579942102979,"260.6725656541797,55.57689366817184",4783826.365661709
200,8293.025351295744,6475.613675602223,"260.6915835165295,55.40683012765737",10265870.321935609
201,8084.16187262902,6625.576363383635,"260.7157121841449,55.18893188389279",6620701.190333874
202,7921.133022102924,6742.629416008478,"260.73436157160677,55.01886175757874",4455621.445842392
203,7755.546201771764,6861.518564274691,"260.75314104521885,54.846131212640806",3527501.8481713836
204,7592.498067914266,6978.584554957053,"260.7714750926327,54.67605526443285",5668831.412639939
205,7426.894856766719,7097.484710401934,"260.7899389984208,54.50331904143962",7018562.031265832
206,7263.833588193396,7214.559539723725,"260.8079668876877,54.333237585165435",4202527.22684282
207,7100.76793769341,7331.637338496377,"260.8258462009122,54.163153356820374",4446152.051071027
208,6935.151535752783,7450.546423518232,"260.8438549886282,53.99040888270809",7027530.331272059
209,6726.218297935517,7600.556063571279,"260.8663616850543,53.77248122044471",3718641.7425054223
210,6560.601001670734,7719.465858987366,"260.884036886979,53.5997306870708",5849864.677121888
211,6397.533697877478,7836.544971035366,"260.90129941983105,53.429635255526044",6183225.120635336
212,6234.470009299198,7953.621722671574,"260.9184242715919,53.25953739651532",4668514.037207515
213,6068.863555594561,8072.524453838436,"260.9356777784141,53.086779187955514",4460094.102866677
214,5905.811456447355,8189.593594374131,"260.9525309843807,52.91667634200113",5753225.460481453
215,5740.219824238363,8308.48656502976,"260.96951248575954,52.743913139171816",4051727.3240796453
216,5577.185463381354,8425.543994929496,"260.9861016123552,52.57380559104521",4175519.1463056738
217,5368.31380455129,8575.513180951866,"261.00716921246436,52.35585174762162",5060396.367689172
218,5205.306562614089,8692.552680712355,"261.02346828226547,52.185738824788416",4204139.310897741
219,5038.204268937229,8809.255379651011,"261.0442112551277,52.01312040724499",5056075.587845033
220,4875.227384393982,8926.274788201255,"261.0602448207853,51.84300225675346",3911998.305544944
221,4712.268023316217,9043.2825748284,"261.07615758281634,51.672882108384066",3660444.733731821
222,4549.327284044714,9160.278028780314,"261.0919512132131,51.50275959539638",4120398.65436636
223,4382.298729947319,9276.931891729515,"261.1121214229893,51.33012911596864",16981320.120450396
224,4219.400595438956,9393.899091091567,"261.1276635059662,51.160001937712735",7040710.464649962
225,9335.598383468301,5510.681518154036,"260.87256910621034,56.61355313581456",3874481.5153756323
226,9172.711946287034,5627.639815486771,"260.89124800767763,56.44346057929293",4559137.7692203345
227,9009.802785785421,5744.6132931789325,"260.90976040769715,56.27336501169569",6061682.455191894
228,8845.889529765998,5865.584492439279,"260.92363270858215,56.100449888208836",21712832.87908925
229,8682.939631104844,5982.585162954769,"260.94183741713096,55.93034965895571",4375046.788571049
230,8519.971464221695,6099.598049867843,"260.95988294160287,55.76024653803188",4749341.021944066
231,8358.549763160157,6218.777766661342,"260.9730702637193,55.58998367133343",3469105.3815006674
232,8193.002941291412,6337.6405516929935,"260.991100492148,55.417218049918326",4002373.8846847736
233,7984.139446287841,6487.603782208973,"261.01362249904867,55.19926382196461",4771031.946912162
234,7821.110606451424,6604.657242750362,"261.0310299617386,55.02915042325781",4992722.688764333
235,7655.523818018355,6723.546791238964,"261.0485587476887,54.85637630283298",3422938.5373065528
236,7492.475736291855,6840.613162137677,"261.065671675805,54.68625781148225",3845614.2742225043
237,7329.420384372128,6957.68442091601,"261.0826416843105,54.51613689650483",4629741.3904809635
238,7163.811424165166,7076.588871528636,"261.09973269258234,54.34335545145735",6416371.527900648
239,7000.7458878402085,7193.66700909916,"261.1164208992088,54.173229731676",5109549.7650469765
240,6835.129622928556,7312.576424161757,"261.13322986474907,54.00044346451285",6319400.670385437
241,6626.196588276136,7462.586460381122,"261.15423694261875,53.782463569263996",4135500.3891866934
242,6460.5794770792645,7581.496553830351,"261.1707343497822,53.609672014453515",6479235.143696062
243,6297.512376268657,7698.575945505077,"261.18684650329806,53.439536518140656",4177824.106174103
244,6131.9010845116245,7817.482265117816,"261.2030788024793,53.266740499484655",7780442.943322646
245,5968.842705751376,7934.555950269289,"261.2189336368989,53.09660065836929",4352433.40286108
246,5805.790871738798,8051.625329102534,"261.2346635045729,52.926458694573185",9509190.519676112
247,5640.1995299113205,8170.518527761095,"261.2505130384259,52.75365607509497",4103322.3556344714
248,5477.165475751605,8287.576168358495,"261.26599627763864,52.58351002009092",4230695.802043587
249,5268.294240021776,8437.54560433838,"261.2856593335949,52.365507272893836",4280354.729026515
250,5102.740436432887,8556.413986488793,"261.30110846011337,52.19269784808132",3960678.526643301
251,4938.185431046865,8671.288151116418,"261.32052124946847,52.02268960704137",4971697.530961579
252,4775.208941666261,8788.307711330544,"261.3354845251955,51.85253423638041",4854762.060837714
253,4612.2499963911605,8905.315635960233,"261.35033499409917,51.68237714737113",3466419.7194957356
254,4445.201368966841,9021.983453234316,"261.3695715768136,51.50970194261821",5726654.227220475
255,4282.28171203367,9138.965349353753,"261.38418297485975,51.339540321267215",17301716.211689964
256,4119.38405540112,9255.932645289047,"261.39868621279453,51.16937706140664",8648613.714643922
257,10552.166100187213,4361.728226527965,"261.13166631683856,58.0354017274456",nan
258,10391.08559421086,4480.6808350901265,"261.1449496185473,57.86512302575266",nan
259,10228.407143136541,4597.500896653262,"261.1630690109922,57.694992826656545",nan
260,10065.695434119352,4714.343134577686,"261.1810189449535,57.52486003049927",550748.2915052345
261,9902.952321922001,4831.206295481383,"261.1988020540255,57.35472507396058",3947356.6418018495
262,9740.178524761433,4948.089942043054,"261.2164210406453,57.18458720449919",3986280.8203395833
263,9578.938642475614,5067.148582761004,"261.22900290656116,57.01429916850022",3497061.7686492032
264,9416.108855368804,5184.069566754661,"261.246322540631,56.844157228841446",3585748.387637069
265,9211.553175575522,5334.228358527143,"261.2631904556547,56.628671275760425",5797884.7626980925
266,9046.121556141465,5453.01468226503,"261.2804434316104,56.455865962006264",3789274.150473989
267,8883.212201342625,5569.988778178833,"261.29727823683584,56.28571668934137",3785393.0042308513
268,8720.282005799927,5686.976781892734,"261.3139637729218,56.115565318422995",3325949.883523273
269,8554.785975802377,5805.806118574026,"261.33075958806677,55.94275297086339",5969984.706216507
270,8391.817691640463,5922.81957835579,"261.34715114551886,55.77259687715136",3720929.321680378
271,8228.833022769926,6039.843981219459,"261.3634001255456,55.602438786873016",4563330.924612207
272,8063.286134779093,6158.707318971727,"261.3797592861005,55.42961961793087",9690987.903800786
273,7855.985478151531,6310.827068083554,"261.3955347980347,55.211457046639076",5901748.710208076
274,7692.956634392589,6427.881026134595,"261.4113481188988,55.04129254009663",5513803.774226253
275,7529.917472094958,6544.94190563022,"261.4270275992451,54.87112586966258",4281051.633997799
276,7364.321836401043,6663.837894798886,"261.4428170918755,54.69829821735533",6248427.856248149
277,7201.266560026837,6780.909597992729,"261.45823270857994,54.52812747514991",4029165.0593687845
278,7035.65770353289,6899.814481951242,"261.47375813973935,54.35529584635465",4028825.7187109697
279,6872.592295904022,7016.893028468741,"261.4889175682938,54.1851211243559",3623487.815014832
280,6706.9761886998485,7135.802840863134,"261.50418659519033,54.01228549918462",3806465.543531555
281,6498.043391826523,7285.813352456128,"261.52326899026855,53.794243916853546",4244075.382371329
282,6332.426499896601,7404.723802220552,"261.5382547868905,53.62140391624323",3633453.31901385
283,6169.359641584659,7521.803527016742,"261.55289053919677,53.45122110433142",4453915.226894499
284,6003.748623141447,7640.710166972323,"261.56763533792844,53.278377416128315",6414019.641608768
285,5840.690540106194,7757.784149837007,"261.58203717528426,53.108191012880866",3787804.857631478
286,5675.091365376959,7876.683013570122,"261.59654777843474,52.93534360419011",9681266.530711053
287,5512.048040621158,7993.747274049452,"261.6107222664083,52.76515368469834",5525378.056196798
288,5349.014361857769,8110.805159427799,"261.62478631499874,52.594962155717965",4338013.634357811
289,5138.580802265523,8258.619106028611,"261.6470016559332,52.37703383976854",8128828.723285154
290,4973.027446663393,8377.487698373274,"261.6610172502323,52.204178512237064",5013423.50322964
291,4810.035732829872,8494.517825036979,"261.67471101387787,52.03398099838475",4456992.025707082
292,4647.05973219678,8611.53755436446,"261.68830086902005,51.86378167879498",4072683.3211243665
293,4481.555177971721,8730.373817087953,"261.7019981352985,51.69092152626395",6137850.807090883
294,4318.615912860475,8847.369190175346,"261.71538277419336,51.52071922941144",4376979.110938361
295,4155.696817385117,8964.35120103323,"261.72866769363867,51.350515190477765",5041348.639027955
296,3990.2546183373306,9083.146121723703,"261.74205947275607,51.17765030888656",3951600.511310456
297,3782.559131103335,9229.004734509745,"261.76282480762563,50.962359597865444",4895190.73253666
298,3619.7174138827577,9345.935415436667,"261.7757757519695,50.79215034559074",3687331.9499554043
299,3455.339532704488,9460.692924087069,"261.79281756061437,50.622066134175356",4308448.022764032
300,3292.5524789109104,9577.587348647628,"261.8055659157058,50.45185331233105",4726797.389711903
301,3129.7954414521673,9694.461831724677,"261.8182227807577,50.28163947204378",1190864.6608491596
302,2967.069138702065,9811.315935952416,"261.83078941507074,50.1114238388894",0.0
303,2804.375425687682,9928.148407821247,"261.8432669692497,49.941206827068605",0.0
304,2640.153427830871,10042.802228913759,"261.8597640519541,49.77111303877152",0.0
305,10452.146414709114,4223.748295410103,"261.4522723844285,58.04470939132304",nan
306,10289.502712358826,4340.5455330169225,"261.4690957822698,57.87453940269371",nan
307,10128.38676279558,4459.522134814764,"261.4807949567836,57.70422852108778",60101.64368319864
308,9965.674736962868,4576.364941363704,"261.49732615107786,57.534054318442",3579028.1143358843
309,9802.93132842146,4693.228657129722,"261.5137036090796,57.363878339164565",4389869.055737814
310,9640.157255394482,4810.112844794083,"261.52992982270274,57.19369982450894",4227958.188236796
311,9478.917235458946,4929.172165842212,"261.5411288933418,57.02338320667951",4476029.999801709
312,9316.087213654555,5046.093663685698,"261.55708095835166,56.853201308596404",4246921.178533954
313,9109.968397491133,5194.097181204227,"261.57706339127355,56.63781171717302",4760889.033270599
314,8948.644785860346,5313.212252361698,"261.58788215194227,56.46749098164144",4385595.998655605
315,8783.189935660734,5432.014458048404,"261.60363245967244,56.29464364712781",4682533.596623803
316,8620.259593424425,5549.002916978352,"261.6190017872836,56.124453774850835",3806645.1706943
317,8457.309718811883,5666.004423165792,"261.6342356425697,55.95426197886333",6215316.392596226
318,8291.79504598377,5784.846589182703,"261.6495709896252,55.781408751906284",4106619.001807587
319,8128.810292346862,5901.871405785236,"261.664537960724,55.61121316484094",4842149.7588921925
320,7963.263339296985,6020.735149666523,"261.679606341474,55.43835624393746",7557143.879458595
321,7758.509799287072,6171.026279199996,"261.6935391360593,55.22281713126965",6146580.3597565275
322,7592.933657126082,6289.909552210219,"261.70833474160736,55.04995670569976",4473563.276771505
323,7429.89449858242,6406.970786642127,"261.7227783818851,54.87975384730689",4100234.0682184696
324,7264.298887757681,6525.867122227484,"261.7373232920126,54.706889752275124",12583758.197906688
325,7101.24365660794,6642.939152661691,"261.7515237275529,54.5366834294315",7938417.036311456
326,6935.634867112161,6761.8443549133935,"261.76582525259016,54.36381596570337",3562436.8516651783
327,6772.569546198886,6878.923200986459,"261.7797895617592,54.19360625275091",3410563.885900189
328,6606.953548142154,6997.833303562645,"261.79385476310523,54.020735382843505",6494773.778280248
329,6398.020919269689,7147.844161032405,"261.81143259035167,53.802649752426724",5958057.728146274
330,6232.404184540728,7266.75486896057,"261.82523674722034,53.629775159060145",3711390.721099723
331,6069.337501778761,7383.834834122034,"261.83871840029855,53.45955856166659",4073236.6609604256
332,5903.726682724506,7502.741704159373,"261.8523004405261,53.28668083549913",5828713.196856512
333,5740.668816786228,7619.815899747076,"261.8655665065628,53.1164611852692",4715538.1007076595
334,5575.0698836502315,7738.714965496084,"261.8789327026614,52.94358027777197",3668379.3585288967
335,5412.026817553658,7855.779411072398,"261.89198923580113,52.77335763470667",4903678.918727391
336,5246.446060554448,7974.666476527373,"261.9051456068186,52.600473828565214",3971398.562551528
337,5038.5603564707835,8120.6517749703,"261.9257517904261,52.3851536203128",28445480.716881413
338,4873.007332288653,8239.520509285598,"261.9386604018029,52.21226593526535",5559580.152148704
339,4710.01596557277,8356.550761944747,"261.9512725497261,52.042036806230705",4042764.389551074
340,4544.493931157205,8475.398979482876,"261.96398376508427,51.86914620197144",5177891.532803232
341,4381.536173100338,8592.406966387727,"261.9764042186258,51.698914333576575",4476419.5353993485
342,4218.597317351723,8709.402424235745,"261.98873151033945,51.52868113329143",3357503.0251904973
343,4053.1331758346514,8828.212268558153,"262.0011573711283,51.355786449461185",4915909.993490743
344,3888.6741028176184,8943.02371794554,"262.0175396440721,51.18566889467006",4008016.3440120537
345,3682.542015853641,9091.03814882585,"262.03276002683225,50.97021157021346",9966723.386043549
346,3519.7007962114894,9207.968855790048,"262.0446864068509,50.79997241461743",3770028.9446029225
347,3355.323308473012,9322.726213752974,"262.06071277739863,50.62984847586228",4370372.268829411
348,3192.53679338034,9439.620636811896,"262.07245124205826,50.459606218612876",5276494.891902836
349,3029.7803152776823,9556.495104762698,"262.0841054217693,50.28936315359119",3912440.7433110857
350,2867.0545925429024,9673.34918024619,"262.09567647710037,50.1191185034772",172481.0881619172
351,2702.7987322368026,9788.025841579274,"262.1112896264692,49.948987432597264",0.0
352,2540.140094384231,9904.835371063193,"262.12268225052077,49.77874041834332",0.0
353,10352.126846306292,4085.769109554516,"261.7730346554556,58.05324749879184",nan
354,10189.482773883828,4202.566925781879,"261.7884101730778,57.88303882906214",nan
355,10026.803630554039,4319.388143560056,"261.8036408065018,57.71282788999526",1212840.4649518742
356,9865.654120142792,4438.387441891811,"261.81378297544677,57.54248933551739",4826237.570580938
357,9705.45317871759,4553.4257716314105,"261.8285198050411,57.374934950868344",5514651.718569495
358,9542.679468691656,4670.310039263768,"261.8433532383797,57.204719348478534",5731124.632641337
359,9379.87694684428,4787.2135265179695,"261.85805044446465,57.03450198108255",5191383.717049063
360,9216.06537060958,4908.118064404749,"261.8679814470509,56.861499413588895",4387488.223126758
361,9009.946271481876,5056.122190741191,"261.8862480989644,56.64606386475678",5505499.852048082
362,8847.059586031912,5173.081836930026,"261.90053396412145,56.47584142899774",6390716.355331948
363,8681.60455061564,5291.884508574714,"261.9149124419002,56.30295732630405",6795930.141862469
364,8518.674047024086,5408.873412215087,"261.92894304985333,56.13273157439397",5654348.383202919
365,8357.286914772594,5528.031212805223,"261.9381009574312,55.962383108187225",5139371.907780352
366,8191.77212256454,5646.873795624995,"261.95212096946454,55.789494605508175",4261463.00117473
367,8028.787272091434,5763.899008759011,"261.9658041345304,55.619264589310276",4129315.0623544604
368,7865.787271313931,5880.934358439998,"261.9793689205167,55.449032931878264",3368376.1090782294
369,7656.923865625292,6030.899053074258,"261.99657860609074,55.23092138756694",5459618.007039082
370,7491.347693424113,6149.782688601319,"262.01008679935484,55.058026414961965",7578454.049693475
371,7328.3085263573885,6266.844265905196,"262.02327359050025,54.88778983061231",3950294.764037915
372,7162.712928265841,6385.740935434575,"262.0365527771002,54.71489177241399",3710176.6301835706
373,6999.65773071876,6502.813280611754,"262.0495174059234,54.54465229004872",3939770.527953554
374,6834.048996750381,6621.718788243583,"262.0625742671393,54.37175143002146",3889410.21581698
375,6670.983751585401,6738.797920940395,"262.07532320281615,54.201509107520195",5317683.366143849
376,6505.367851869866,6857.708300343764,"262.08816419222666,54.02860539175762",3656465.564605824
377,6296.435377842992,7007.719486524925,"262.1042119937114,53.81047871160947",19366424.897018295
378,6130.818790265252,7126.630438757791,"262.11681453357454,53.63757188043818",5570045.6794032585
379,5967.752273484663,7243.710630420169,"262.1291225898011,53.467323797745344",4355567.868525806
380,5802.141644432852,7362.617716236389,"262.1415222415476,53.29441435117155",5742383.343428115
381,5639.083986675719,7479.692110245247,"262.1536333753328,53.12416371784064",4081838.0171927856
382,5473.485286409032,7598.5913632623415,"262.16583587112586,52.95125159274411",4103977.599803608
383,5310.442470707983,7715.655979195383,"262.17775561502094,52.78099845469246",4043941.782525341
384,5144.861989458741,7834.543203423651,"262.18976645529233,52.608083919756496",5387325.314342567
385,4935.992280420744,7984.513147809815,"262.2047838998924,52.38994373519448",16918767.00660884
386,4772.986687735864,8101.553154855081,"262.2164019980001,52.21968664602584",6201988.908603258
387,4609.995656118863,8218.583516264845,"262.2279312878179,52.04942849193957",4693276.572028946
388,4444.473983163216,8337.431830246484,"262.2395510947553,51.876508634057096",4789711.003485392
389,4279.953767070293,8452.28412722343,"262.2551949140984,51.706357543029874",6008616.970462091
390,4117.01531477839,8569.27965348864,"262.26644712841346,51.536095548380466",4018692.9636164373
391,3951.551604484276,8688.08955308771,"262.2777892726718,51.363171839379106",3615815.1966854716
392,3788.6557850704894,8805.056810082333,"262.2888734702207,51.192907641946114",3449267.784066217
393,3582.524283030688,8953.071271606466,"262.30278496165874,50.97741528768603",4472236.50490235
394,3415.5766438848777,9069.673315415086,"262.318058652071,50.80459520281291",4395953.485211494
395,3252.7630720649804,9186.586013521719,"262.3288629919886,50.63432713530988",4181541.155995148
396,3089.977725485135,9303.479981511031,"262.3395892807596,50.464058044158996",3926246.2316219434
397,2929.7647566045844,9418.528338062508,"262.3500727492408,50.29644826876039",5009104.527857406
398,2765.476835989629,9533.226596582426,"262.36478806527475,50.12628222772552",1535702.8667686349
399,2602.784321391421,9650.058965341661,"262.3752720121652,49.9560095661573",0.0
400,2440.126292646409,9766.868421257785,"262.38568199018846,49.78573633113571",0.0
401,10254.648265982374,3945.96551312849,"262.0937218463619,58.06367553992024",nan
402,10092.004364801665,4062.7635217448105,"262.10764943849415,57.893431679404664",392703.5238763822
403,9929.325390129456,4179.584933489016,"262.12144570376967,57.72318588021546",4261167.858712002
404,9766.613196186165,4296.428495442806,"262.1351126972944,57.55293856277243",3627781.2504540295
405,9605.432113532763,4415.4491424111775,"262.14372627657156,57.382576357608926",8187399.126138073
406,9442.658103079128,4532.333916887281,"262.15716264570625,57.21232677637728",7948505.030766786
407,9279.855301302672,4649.237897233001,"262.17047555084457,57.04207574144925",4433658.346038804
408,9117.024995145635,4766.16023761215,"262.1836669310977,56.87182307681465",5145790.470559262
409,8909.924181644961,4918.147788902919,"262.19555973168394,56.653573556397234",4079701.991253419
410,8747.037283763826,5035.1078833266765,"262.2085018358257,56.48331839087533",3384042.9066043575
411,8581.582053607352,5153.910996134413,"262.2215277784101,56.31040134552053",7351289.171975261
412,8418.651378965624,5270.900320291078,"262.23423851354795,56.14014344726114",5503764.610017724
413,8255.701213342174,5387.902663985928,"262.2468370877287,55.969884223574475",4868088.643827686
414,8090.186287338107,5506.745652226984,"262.2595194738118,55.796963118357006",6519662.44647747
415,7928.764214834744,5625.927096745874,"262.26718703244234,55.62659252444478",3678147.0301290606
416,7765.764125709053,5742.962811998548,"262.2794774358688,55.45632978320839",3496142.140574343
417,7556.900636875007,5892.927954931522,"262.29507022915175,55.238178801839275",4037654.333064709
418,7391.32442275663,6011.81192978491,"262.30730923255317,55.06525287363589",8040231.540460626
419,7228.285235152228,6128.873827343786,"262.31925697949555,54.894986069589045",6532835.816243002
420,7062.689637265941,6247.77080806664,"262.33128838822245,54.722057579323966",3991341.6941734115
421,6899.6344606656485,6364.843445802426,"262.343034746273,54.551788385155554",3611623.1462162444
422,6734.025769044796,6483.7492365025655,"262.35486461965684,54.378857601337494",3967345.947735653
423,6570.960586329744,6600.828634070054,"262.3664154557055,54.20858606015525",4064298.570033733
424,6405.344771122422,6719.739268425946,"262.3780496464175,54.03565291414115",3444148.160297083
425,6196.412434020179,6869.750756036237,"262.3925892045846,53.81748945320675",6195420.628556912
426,6030.795979014896,6988.661931195534,"262.4040072493954,53.64455373696193",8086267.8024406945
427,5867.729613538682,7105.742328523484,"262.4151584440882,53.47427744359042",3558176.2935187006
428,5702.119159254954,7224.649609174441,"262.426392580594,53.301339575832195",4877962.342310511
429,5539.061694355885,7341.72418119575,"262.43736527566057,53.13106118207913",3657273.864644716
430,5373.463211067371,7460.623600969396,"262.4484207019374,52.958121086596",4181183.9795788405
431,5210.420629791512,7577.688367275645,"262.4592199143951,52.78784062574308",4612485.361283464
432,5044.840407743355,7696.575730196762,"262.4701016182958,52.61489855865597",4631965.282173423
433,4835.9710560535505,7846.5458293868,"262.4837072181613,52.396723949218796",5670676.433319708
434,4672.9657658092365,7963.585941630128,"262.4942330122534,52.2264402270036",9248672.769510364
435,4508.41220500708,8078.4606202542645,"262.50900321611664,52.05625548173461",4307780.735274616
436,4342.890886660911,8197.30901425286,"262.51951340204334,51.88330859042629",5671962.158481514
437,4179.933875584707,8314.31714711012,"262.529783096932,51.713021721550504",4173964.5652179327
438,4016.995808424739,8431.312723342982,"262.5399756875375,51.54273393237828",4102133.461110641
439,3851.53251041151,8550.122659693538,"262.55024970309915,51.36978422221027",4037919.3177260077
440,3688.637117742499,8667.089939097454,"262.560290028576,51.1994946144621",4169004.02803429
441,3478.3989396454017,8814.775707841396,"262.57726700617087,50.981406990561624",7113175.740779127
442,3315.5589033605547,8931.706281137951,"262.58712388745977,50.81111481233801",3458500.1755363806
443,3152.745825853038,9048.618956567585,"262.5969090872063,50.64082197624043",3778100.055958704
444,2989.9609942371894,9165.512888233605,"262.6066235657638,50.470528294977214",18203012.20028404
445,2825.6429129288354,9280.231456836958,"262.6204256265707,50.30032922793922",4136573.764746331
446,2662.9188215618246,9397.0850906367,"262.6299858639085,50.130033330432255",6794907.595013894
447,2500.2274052840626,9513.917035673901,"262.63947824124944,49.95973662206842",97828.52197029344
448,2337.570518568941,9630.72603891958,"262.64890362167546,49.78943950955488",0.0
449,10154.62876492424,3807.9874441879056,"262.4147798646362,58.07067322751067",35.36741521505912
450,9991.984469061512,3924.785997117098,"262.4272553339461,57.90039762145248",3067577.6717628073
451,9829.305120182846,4041.6079394313256,"262.439613107732,57.730120375386505",9605314.56079842
452,9666.59257251689,4158.452018209717,"262.4518550287147,57.559841905064125",5794681.3114474015
453,9505.411156601716,4277.473160763671,"262.4590549289239,57.389460670043924",4073273.400692898
454,9342.63683360412,4394.35842483986,"262.4710924616807,57.21918045776092",4294014.509786068
455,9179.83373978842,4511.262881037668,"262.48301932781584,57.04889907260817",4905805.053476857
456,9017.003162103338,4628.185683521182,"262.4948372662468,56.87861633416934",8308996.796377781
457,8808.33915771869,4778.017922432925,"262.5098224729784,56.66044012601122",3358696.1921564066
458,8647.01490907419,4897.134325878478,"262.5165834468119,56.49005561670506",3689985.305632807
459,8484.10514864111,5014.109974382391,"262.5280764573355,56.31976964061374",6180079.805368715
460,8318.628614128826,5132.927589808781,"262.53964451173545,56.14682198893118",4554669.843218089
461,8155.678285917807,5249.9303230504065,"262.5509332494525,55.976534037390614",4311206.434456591
462,7992.709775190624,5366.945215209612,"262.5621229712332,55.80624483308389",11598643.040018203
463,7827.178133483354,5485.799652933989,"262.57338769410734,55.6332939513434",3882748.7312612957
464,7664.177942281277,5602.8357218520105,"262.58438230531596,55.46300276721634",3881891.793547181
465,7455.31435318805,5752.801297516446,"262.5983310636299,55.24481569962564",4217017.56815163
466,7289.7380839658745,5871.685599106701,"262.60927958783145,55.07186144619048",6544112.607369454
467,7128.261642200518,5990.903463960853,"262.6153407427395,54.90147130789455",4889617.566860239
468,6962.666032283164,6109.800738398557,"262.6261229982621,54.728515376711286",3619594.7025112803
469,6799.610864584602,6226.873651483065,"262.63664975573636,54.558219391229436",3866499.6949427393
470,6634.002203080976,6345.7797077722025,"262.6472513148896,54.38526162508181",4302582.12346573
471,6470.937070776277,6462.859352999232,"262.6576027685892,54.21496373749795",4118668.1528224424
472,6305.321327852003,6581.770224826445,"262.6680288809398,54.042004054438145",5253196.830321464
473,6096.389112255003,6731.781991810739,"262.6810586138413,53.823807428713714",4885920.132325017
474,5930.77277760184,6850.693372411664,"262.6912909346682,53.650845667286845",3625192.708592765
475,5767.706551399297,6967.773958187325,"262.70128407892327,53.480543936941125",3903986.6276698206
476,5602.096259666552,7086.681416183712,"262.7113515136839,53.30758044251683",4951014.131418092
477,5439.038975597586,7203.756148994508,"262.72118462198034,53.13727701800276",3890300.3665889404
478,5273.440697072485,7322.655718029532,"262.7310918328152,52.96431170255154",3876143.8094247878
479,5108.835578313732,7437.564996972151,"262.74516898612274,52.79409757666437",4818541.656628587
480,4943.255607015395,7556.452482838568,"262.75490277936404,52.621130318610604",5023697.403865746
481,4734.386602487209,7706.422716645418,"262.76707307451017,52.40292421175593",5211526.545652724
482,4571.381607100731,7823.462918081863,"262.77648842558875,52.23261612145846",6022052.208797052
483,4405.844568012559,7942.321998755049,"262.7859771645926,52.059646228195035",5328069.747456804
484,4242.870232874739,8059.341901403087,"262.7952483399447,51.88933648697532",7057602.522955124
485,4079.9135742618955,8176.350080650597,"262.80444944124514,51.71902618935054",3597387.2621916905
486,3914.4300926360156,8295.17367291775,"262.8137235767419,51.54605398453866",3872821.9548060754
487,3751.5129822588733,8412.155645152045,"262.8227863404422,51.37574199726788",11102497.317554837
488,3587.055174934584,8526.967156348019,"262.83602453729975,51.20551704078761",5197636.041742615
489,3378.3803806828455,8676.808682409837,"262.8474324480682,50.98730261341433",15466529.230397845
490,3215.5408060271566,8793.739229391595,"262.85626185139193,50.816987947931416",5068502.485821748
491,3052.7282107968726,8910.651864847336,"262.86502701691126,50.64667278770541",3508809.6786720785
492,2889.9438821077993,9027.545742885799,"262.8737288055149,50.47635694326107",14296134.089845175
493,2725.626316576044,9142.264240503186,"262.88652646488873,50.306125882052605",4265473.668019522
494,2562.9027692490818,9259.117793114216,"262.89508839886605,50.13580817431893",4669589.324844834
495,2400.211917662562,9375.949643326378,"262.9035895323832,49.965489810156846",1363600.6098088701
496,2237.555616288567,9492.758538116876,"262.91203063898223,49.79517119431138",0.0
497,10053.04649397724,3667.853984097029,"262.7409734925853,58.07699076651202",1596992.3993168294
498,9891.964621753783,3786.8089963736084,"262.74697583313025,57.90659573085266",7829695.283769934
499,9729.284886535876,3903.6314519953457,"262.7578934310093,57.73629048734582",4643920.62055509
500,9566.571973021166,4020.4760303413177,"262.76870862798927,57.5659842814867",4708201.393463551
501,9403.827357053227,4137.341750147679,"262.7794230449065,57.39567712803222",3906630.828017202
502,9242.615447317628,4256.383227262136,"262.7851308997008,57.225279927445456",5169860.456109036
503,9079.81204935466,4373.288142069971,"262.795670165011,57.05497151598178",4022224.7126000226
504,8916.981188039135,4490.211389419655,"262.80611312969626,56.88466199752037",9783886.939421806
505,8708.316850247822,4640.0441782284,"262.81935479715963,56.66645183137486",3350830.9556543436
506,8545.429487437541,4757.005123767568,"262.8295835823361,56.49614048874057",4108595.436880137
507,8382.519507456365,4873.981178418354,"262.83972085910074,56.32582808283448",3911965.1432157387
508,8217.042771321387,4992.799192047543,"262.8499242836399,56.15285382822848",4723307.565598726
509,8055.655153143043,5111.958151081382,"262.85512747168076,55.9824532262414",3273707.4062893516
510,7892.686488307075,5228.97340182056,"262.8650174297297,55.81213865958684",4805942.224825735
511,7727.154711127231,5347.828189657809,"262.8749736361582,55.639162244993855",4330658.416517178
512,7564.154407262304,5464.864589450008,"262.8846910678027,55.46884613975957",4913968.664089017
513,7355.290703881834,5614.830568960394,"262.897019424603,55.250627454289344",4267942.7143662935
514,7189.714368065149,5733.71517464197,"262.90669603514556,55.07764838309594",3766078.4584531165
515,7026.675102438624,5850.777665407525,"262.91614229078544,54.90732969979687",3492666.3095684433
516,6861.079467777786,5969.675220255669,"262.92565461552255,54.734348966074265",3812987.7989821294
517,6698.024296791167,6086.74839537275,"262.9349414983313,54.56402876530499",4481024.790509808
518,6532.415653356561,6205.654703506695,"262.9442943361689,54.39104661132449",4844363.65356491
519,6369.350559926157,6322.734582643576,"262.95342649252893,54.22072491078804",4924162.910471663
520,6203.734877900279,6441.645677756992,"262.9626244784883,54.04774124256313",8356823.635177967
521,5994.802769923052,6591.65770590253,"262.9741193465418,53.829514641412096",3872664.1939226673
522,5829.186544992825,6710.569277256078,"262.9831462911746,53.656529339601846",4124193.057067733
523,5666.120447924381,6827.650036798199,"262.99196220186514,53.486204618679295",4108660.258123957
524,5500.510308775639,6946.557657007608,"263.00084361880664,53.31321796231998",4722670.160562112
525,5337.453196048902,7063.632535489573,"263.00951828316954,53.14289191454956",3614128.605876283
526,5171.855112981742,7182.53223820913,"263.01825828855357,52.96990380491929",3980220.614129748
527,5008.812967667399,7299.597255246779,"263.026795679288,52.799576441856175",4526979.430944256
528,4843.233230950092,7418.484844526824,"263.03539822266913,52.62658711347563",4760980.736561676
529,4634.364552711899,7568.45518861997,"263.0461540583157,52.408353411195726",4144497.2728475616
530,4471.3598355255435,7685.495460499381,"263.0544751035618,52.2380239716914",4495489.187859821
531,4305.823100105971,7804.354598690743,"263.06286097874033,52.06503256241145",5691478.196305194
532,4142.849084763777,7921.37454416616,"263.07105454985236,51.89470179811475",6075604.1282113055
533,3978.3299130067307,8036.226977030148,"263.08347950873434,51.72444890558639",3464414.892773618
534,3812.846803897296,8155.050584975981,"263.0916587910823,51.551455362125296",5624399.266444289
535,3649.930081434526,8272.032558639032,"263.0996516283574,51.381122522159984",5749812.638152471
536,3487.0355123613253,8388.99983071069,"263.10758512347365,51.21078930934866",5382285.449507645
537,3278.3612639775383,8538.8413208842,"263.1176644764078,50.992549013993006",16441958.834509715
538,3115.522138914638,8655.771824261337,"263.12546558487594,50.82221432700033",10643051.651874026
539,2952.7100139232152,8772.684402446317,"263.13320991240204,50.651879290568985",4341303.623195394
540,2788.3634867478268,8887.422590443051,"263.14507296645144,50.48161965764305",3713247.7659446243
541,2625.6092310681215,9004.296779258499,"263.15269027552677,50.311283061016034",4797831.04074025
542,2462.8862157346794,9121.150233361255,"263.1602531427174,50.140945938974816",4310782.482425212
543,2300.1959167897803,9237.981971420315,"263.1677622810494,49.97060829802519",2388996.7399581554
544,2135.977416296946,9352.634953501845,"263.1793311985994,49.80034520108391",0.0
545,9953.027018955072,3529.876830353428,"263.0622525243053,58.0824333088797",2709632.8288735915
546,9790.381890670144,3646.6764279286217,"263.0717960389398,57.91210430494905",4168880.2297105966
547,9629.264592671225,3765.6552959541887,"263.076273934049,57.74169577566392",3646268.159422483
548,9466.55130118451,3882.500356607032,"263.08566094492136,57.57136525787279",4873173.625046306
549,9303.806327748178,3999.3665449841455,"263.0949604439514,57.40103401854221",4081306.5209283247
550,9141.031337966222,4116.252743489663,"263.1041737992783,57.230702266858614",4272316.110155645
551,8980.771684682853,4231.331285836366,"263.1131603810031,57.06303131156234",4388292.153432627
552,8819.503806147688,4350.410564896094,"263.1173405740455,56.89262113775338",3672548.751399011
553,8608.294639079231,4502.070978551228,"263.1289780394366,56.67171969612133",3696312.3533455925
554,8445.407027379948,4619.032320365412,"263.1378586429112,56.50138535365683",3758024.1850044522
555,8282.496819051588,4736.008757549008,"263.1466597632386,56.33105015322104",5845244.159969913
556,8119.5658707500415,4852.999034956976,"263.1553825947927,56.16071450102977",6686051.369595089
557,7954.069179409933,4971.830611699909,"263.1641628251895,55.98771665213449",3663618.401189639
558,7791.100345703728,5088.8462089931745,"263.1727314808548,55.81737951985815",4824038.17427288
559,7629.678121661126,5208.028514612107,"263.1765107763733,55.64696734231281",3520898.4947314044
560,7464.130883340532,5326.893880683954,"263.1850823163955,55.473967810664234",6928937.303254384
561,7255.267050224381,5476.860241980238,"263.1957888191492,55.255721396557355",4392268.218143236
562,7089.690635571342,5595.745134267727,"263.2041923886469,55.082720560472374",5726424.968273052
563,6926.6513130659405,5712.807893380759,"263.21239587713995,54.91238062997713",4042688.292064258
564,6761.0556417107355,5831.705706704703,"263.22065671133714,54.7393785000238",4848069.561773635
565,6598.0004553475355,5948.779122473726,"263.22872173367915,54.56903740969776",4085346.076312049
566,6432.391817377638,6067.685660957206,"263.2368440032549,54.39603421738534",3924396.431356717
567,6269.326750089039,6184.765753055044,"263.24477459752774,54.225691974511484",4252857.942129666
568,6103.711115702763,6303.677050397456,"263.25276233065335,54.05268761545868",4265285.389528817
569,5894.779098147578,6453.689313453561,"263.26274468540674,53.83443515607142",8587067.850828324
570,5729.162968934093,6572.601054999839,"263.27058381793927,53.661429547275766",5212052.874911654
571,5566.096986885746,6689.681968279177,"263.2782396581515,53.491084993718545",4286916.511355001
572,5400.486985657841,6808.589730576592,"263.28595235744757,53.3180783569664",4155747.481713607
573,5237.430029511948,6925.664735128075,"263.2934854845333,53.147732793548556",6042861.605884066
574,5071.83212658151,7044.564551840729,"263.30107532764066,52.97472502088634",15911400.685762824
575,4908.790179419581,7161.629667290259,"263.3084891939769,52.804378450253104",5379005.803167411
576,4743.210665065101,7280.517342479316,"263.3159596131414,52.631369767343514",6117666.550518381
577,4534.34229770299,7430.48777477051,"263.32529990759406,52.41311186538943",3503151.5679953797
578,4368.790970740231,7549.356811927013,"263.3326382846666,52.24010196516902",4041059.702493537
579,4204.238533764855,7664.231500288115,"263.344135835895,52.069821909455925",7282986.890733984
580,4041.264830899772,7781.251471600409,"263.3512341460857,51.89947244171274",3556083.8462780127
581,3875.762761396065,7900.087879869837,"263.35838841031693,51.72646095264271",4620787.352972379
582,3712.8260915172605,8017.083297616511,"263.36537924044694,51.5561107717564",3452397.8416197957
583,3549.9097388713285,8134.065255282165,"263.3723178456736,51.38575994898217",9887344.83837008
584,3387.015560256369,8251.032497668613,"263.37920491353725,51.2154088865341",6081920.463503093
585,3175.797247520819,8402.70112966904,"263.3880609669743,50.99448411920249",8411797.90164554
586,3011.3961407537563,8517.47552070813,"263.3990397341209,50.82419828739751",6064659.778455564
587,2851.1286678213582,8632.561093803695,"263.4056413757497,50.65650737748533",3980388.7034756863
588,2688.345316244385,8749.454811158868,"263.4122996536661,50.48615424982131",9177825.33760137
589,2525.591559862247,8866.328897804913,"263.41891004381097,50.315800515600785",5808631.569318945
590,2362.8690644713797,8983.182236080054,"263.4254731681999,50.145446378131105",4179310.901004551
591,2198.616517293456,9097.858055130311,"263.4361186586432,49.97515685950235",3608377.04049907
592,2035.9613591126013,9214.6666786278,"263.4425736775973,49.80480208346647",259856.32972751078
593,9853.007761081444,3391.900348969433,"263.3836202545901,58.08710366205328",2949182.481984415
594,9690.362201517672,3508.700438770169,"263.39170706956196,57.91675343213616",3903968.921202248
595,9527.681650725088,3625.5238765470367,"263.3997174847963,57.74640226499776",3488121.103270471
596,9369.073441638271,3742.6993173058772,"263.40257471382847,57.57864622646536",4289854.574414553
597,9206.328581987169,3859.565634629733,"263.4104592024114,57.40829430679142",4470183.7910742825
598,9043.553703440033,3976.451963687423,"263.4182706146771,57.237942065851165",3956888.6232685754
599,8880.750092874963,4093.3574587773846,"263.42601010584247,57.067589313005385",5302033.297863514
600,8717.919037255717,4210.281274064808,"263.43367880729255,56.89723585745554",3927644.160828427
601,8506.709495252298,4361.942207569802,"263.4435204978969,56.67630814793446",3837857.858208702
602,8343.821618404989,4478.9039342078695,"263.4510307017361,56.50595375983586",6146294.103117354
603,8182.474048061334,4598.036591173487,"263.4536759000207,56.335534479452846",5227759.67449396
604,8019.542879884493,4715.027220140183,"263.46107333553124,56.165179414991066",37446310.093560815
605,7854.045986275153,4833.859139870511,"263.4685194185777,55.99216202567096",5641929.87777664
606,7691.076974134655,4950.875061026223,"263.4757860465846,55.82180582342447",4049624.57511988
607,7528.091698722362,5067.90184396463,"263.48298923856606,55.65144936330936",3943415.28797933
608,7362.544319046192,5186.7675157780695,"263.49024104353975,55.47843047750487",5087440.609220648
609,7153.680338355713,5336.734242243124,"263.49929905649395,55.26015988800826",3704421.4583987896
610,6988.103831104735,5455.619407715432,"263.5064086891034,55.08714007612217",5603890.949567069
611,6825.064438497843,5572.682421745782,"263.51334902109585,54.91678162123019",3825617.1917272666
612,6659.468717351063,5691.58047968626,"263.52033784178604,54.743760836993204",5370216.203323378
613,6496.413503042292,5808.654122244883,"263.5271609757493,54.57340153417376",3772788.039950561
614,6330.804858103658,5927.560876779261,"263.534032515516,54.400379999705244",6375638.461398178
615,6169.302650124972,6046.796885040565,"263.53618816436534,54.229958738289106",6083359.252626573
616,6003.687051151364,6165.708367124719,"263.5429647633444,54.056936594932246",4079891.4860373484
617,5794.755108595989,6315.720843029313,"263.5514335153271,53.83866190977933",8204006.885430088
618,5629.1390628758545,6434.632737278331,"263.5580839894294,53.66563884669575",4296911.116842083
619,5464.510342956415,6549.558079716124,"263.56905333629095,53.495337287957064",4246937.997791164
620,5298.900469295119,6668.465968415754,"263.57557822145264,53.32231323166596",3673106.025094481
621,5135.843659860475,6785.541083373553,"263.58195116655685,53.15195065392653",4107002.489503103
622,4970.245927373352,6904.440997949238,"263.58837206943446,52.978925738485685",4776191.764337459
623,4807.204169144602,7021.5061957095895,"263.59464407567094,52.80856242219374",3865170.0102266604
624,4641.624868119558,7140.393940232113,"263.60096390188335,52.635536865538135",6448257.15185378
625,4432.756800711661,7290.36443949004,"263.6088655732001,52.417257865772704",4387789.620239604
626,4267.205735958915,7409.233513483512,"263.61507364388154,52.244231389269224",3831458.1871273513
627,4104.216447230806,7526.264001832449,"263.6211390126206,52.07386665478231",3714401.9933783533
628,3941.243039907182,7643.2839811956455,"263.6271582106224,51.90350138181226",3561325.98994062
629,3775.7412916857093,7762.120383614174,"263.6332248353452,51.730473962596584",4013293.8593085255
630,3612.804958945794,7879.115781791734,"263.6391528519216,51.56010821515512",3864330.228905698
631,3448.3261102300226,7993.941925455863,"263.64929823823513,51.389798959640196",5494156.894694517
632,3285.432315850715,8110.909120011251,"263.655121862367,51.2194323413831",6078280.439545112
633,3074.214532643335,8262.577669273604,"263.66261040827277,50.99848757042828",12478923.299946025
634,2911.376685405227,8379.5077613773,"263.66833611083143,50.8281200292065",4191894.362004956
635,2748.5659029211756,8496.419885376754,"263.67402010508494,50.65775237711062",4956112.120364969
636,2585.783472306952,8613.313195398092,"263.6796629503292,50.48738441952294",3574822.6861154707
637,2423.0306805994787,8730.186845700078,"263.6852651962653,50.31701596176171",3806178.6985418936
638,2261.2887639984215,8843.058315782391,"263.69488582718304,50.14936455993781",3417253.2411340033
639,2098.5995423310624,8959.88977512292,"263.70039354513983,49.97899530600481",3563252.906147683
640,1935.9449331288242,9076.6982378875,"263.7058623211145,49.808626158912496",1073044.8717915763
641,9727.399293069257,3213.2937345988485,"263.79538378026433,58.09462063663719",3875827.380339877
642,9564.753715331497,3330.094061732497,"263.80160351915447,57.92424833070098",3910907.2831768678
643,9403.635929738779,3449.0735467159184,"263.80278624134337,57.7538241954787",3925829.9303524774
644,9240.922236669667,3565.9193055827163,"263.80891166377097,57.583451062938906",4690179.158343893
645,9078.17688538437,3682.786176192736,"263.81497991478017,57.41307760526953",4061238.0026356196
646,8915.40154149769,3799.673040948692,"263.82099188880323,57.24270402546153",6179253.7664678255
647,8752.597491894834,3916.5790541470396,"263.8269484757468,57.07233012972885",12442448.461671969
648,8589.766023546392,4033.503369951241,"263.83285054715105,56.90195572419081",3719093.2614710177
649,8381.100973211544,4183.337483962965,"263.84033424038915,56.68366327962892",4216890.580896954
650,8219.775793484263,4302.4554138291405,"263.8412949130405,56.51323852589376",4241078.252887615
651,8054.3198599060215,4421.260206347941,"263.84713429305964,56.34020138521896",5176770.734014369
652,7891.388392368977,4538.251260563093,"263.85283224288156,56.169826102629614",5199487.84309219
653,7725.891221687635,4657.083594170702,"263.85856763222466,55.996788361746",6155601.625668385
654,7562.9219632947,4774.099905097027,"263.86416476442463,55.82641229795594",3808938.1800031792
655,7399.936467987567,4891.127060202563,"263.8697130047136,55.65603614922672",4022724.5422529657
656,7234.3888919647,5009.993091980171,"263.8752986585122,55.482997441469124",4836846.881109196
657,7025.524702375944,5159.960246650458,"263.88227548856463,55.26470209230232",4325985.558723417
658,6862.495424657581,5277.016704968879,"263.88766768142995,55.094324936984954",3570217.4504001816
659,6696.908561525966,5395.909041300369,"263.8930972161357,54.9212854191086",4734280.41135541
660,6531.3127595620645,5514.807382100704,"263.89848018346487,54.74824552983925",4085154.272404748
661,6368.257492276187,5631.881285426257,"263.90373550651094,54.577867574480756",4691645.622106287
662,6202.648820549362,5750.788286784297,"263.9090280844825,54.40482725470479",7458772.723182725
663,6039.58376771628,5867.868802834543,"263.91419571718615,54.23444875979111",5202616.108514641
664,5873.96819645756,5986.7804984577215,"263.91940053474127,54.061407886764606",3692723.623236617
665,5665.036328196546,6136.793217537439,"263.9259049834761,53.843109794419775",3860061.9531362914
666,5499.420372550128,6255.705283770939,"263.93101286776835,53.67006834928021",4125146.616997548
667,5336.354609122174,6372.7864849536145,"263.93600127633977,53.499688796582085",4265922.340664655
668,5170.744878405963,6491.694507371227,"263.94102668847177,53.32664690003717",9284453.978458567
669,5007.6882363456125,6608.76973626046,"263.9459350520176,53.15626689706833",4555637.989476322
670,4842.090700895273,6727.669748543676,"263.9508803263062,52.98322442485851",3677267.3732174095
671,4676.501764477164,6846.5640840736905,"263.9557860727299,52.81018181617837",4098322.1303432593
672,4513.470113419724,6963.622831014101,"263.9605782739828,52.63980112066869",4232315.48920175
673,4304.602401726861,7113.593382249239,"263.9666639129783,52.421500513661",3451584.782610615
674,4139.051649776093,7232.462476942182,"263.97144516161654,52.24845706064024",4356697.610766546
675,3976.0626956802807,7349.492967961132,"263.97611648198887,52.07807573947987",3705377.142524004
676,3813.089649427263,7466.512932424268,"263.98075221980866,51.907694005716166",3852177.2125589782
677,3647.588294980109,7585.3493017300225,"263.9854244598368,51.73464999562147",5288764.198599724
678,3484.6523766033765,7702.344649604951,"263.989989926839,51.56426803598597",3674723.4202159517
679,3319.191586133592,7821.154127895892,"263.9945917785878,51.391223600116",4904623.418457123
680,3154.735564495566,7935.965352228096,"264.0033347191478,51.22088474551234",4899050.537998118
681,2946.063496313798,8085.806242315182,"264.00902733092755,51.002581775599026",4442542.529036669
682,2783.226176818416,8202.73620835935,"264.0134331819817,50.83219857947078",3785908.2949030115
683,2620.415948519873,8319.648188762243,"264.01780691706307,50.66181538614679",6500564.50847311
684,2457.634098534426,8436.54133765533,"264.0221489668974,50.49143199948566",3670107.8356729355
685,2294.8819138994427,8553.414809302585,"264.0264597548192,50.321048223308225",3978475.850082294
686,2132.1610604056677,8670.267486057332,"264.0307396870015,50.1506642581041",5308998.479835129
687,1967.9102675513777,8784.942665731678,"264.0391191718337,49.98032247107746",7936013.434005167
688,1805.256891123067,8901.750534091549,"264.0433231684071,49.809938371960584",4362444.437547604
689,9627.380288580465,3075.3182784490327,"264.11692701362983,58.09752845673849",4667015.283344734
690,9464.734251582584,3192.119058595179,"264.12168758049006,57.927142911525074",4099829.6893495866
691,9302.053247080696,3308.9431707540907,"264.1264031143051,57.75675676190885",6379663.349285074
692,9139.33912933871,3425.7893619926995,"264.13107432137303,57.58637040742589",4834556.670590387
693,8976.593374223712,3542.6566510419552,"264.13570190417454,57.41598385084362",3811498.1234433744
694,8815.38050259605,3661.699787003443,"264.13537387840165,57.245558686087456",4256397.118552244
695,8652.57609653376,3778.606184894044,"264.1399380195911,57.07517210342022",4442331.53261706
696,8489.744292265033,3895.530871665605,"264.144460364527,56.90478512669794",4122098.561504426
697,8281.078841558528,4045.365440917357,"264.15019456028114,56.686476741633705",4302253.042877309
698,8118.190494853146,4162.327862431495,"264.15462395529727,56.516089328019895",3989358.3581426507
699,7952.734284594725,4281.132991161261,"264.1590819039537,56.343039574183024",4501773.045218951
700,7789.802565680187,4398.124362358462,"264.16343185674157,56.17265198356497",4369855.094121413
701,7624.305161073363,4516.957003623937,"264.16781036759494,55.999601853419165",5882614.065950851
702,7461.33569340923,4633.9736034163,"264.172083306613,55.82921369866943",5165302.47538273
703,7298.350009728063,4751.00103343668,"264.17631889761174,55.65882556424986",4197643.007156308
704,7132.802263781372,4869.867330144571,"264.1805830270334,55.48577478962603",4084264.4515131516
705,6925.500733591221,5021.990529958477,"264.18123765972064,55.267427487653336",3852797.2270390294
706,6762.471338354788,5139.047213805361,"264.185373679718,55.09703883826913",4449168.09646568
707,6596.884376946688,5257.9397651267645,"264.18953831987295,54.923987746388676",3762582.4441031828
708,6431.288497951183,5376.838306745505,"264.19366721880107,54.75093638204298",3997775.3662414835
709,6268.23317557938,5493.912393953666,"264.1976981889635,54.580547223383775",4109750.8820833233
710,6102.624468994407,5612.819568004999,"264.20175771274637,54.407495620556155",3421888.7633609115
711,5939.559402606494,5729.900240246048,"264.20572137939945,54.237106108633675",3445861.9784655017
712,5773.943838675812,5848.812080438816,"264.20971354599095,54.06405413899729",5254314.345581375
713,5565.012009988925,5998.824961685216,"264.2147025169453,53.84574217878028",4107154.1609471394
714,5399.396109757228,6117.737140443757,"264.218620286299,53.672689842962335",5886435.302647898
715,5236.330421670318,6234.818438577672,"264.2224463966516,53.50229965401125",3698129.243622616
716,5070.720788578215,6353.726545403801,"264.22630086798404,53.329247041999714",7852940.974596505
717,4907.664263423319,6470.801843562966,"264.23006554323496,53.15885657283417",5064714.353280853
718,4742.0668678152815,6589.701912143748,"264.23385850829766,52.98580355541229",3737791.214329497
719,4576.478092514964,6708.596289809324,"264.23762113554284,52.8127504854987",4679590.773126976
720,4413.446620885491,6825.6550644020135,"264.24129665569467,52.642359570584105",3439366.279557722
721,4203.016336140593,6973.46992798232,"264.25032841283786,52.42408042925576",4471047.113260644
722,4037.4658178823693,7092.339018654094,"264.2539780758512,52.25102664143586",5506620.209614836
723,3874.477115001697,7209.369491669901,"264.25754380789743,52.080635222792516",19413093.164850395
724,3711.5043409195396,7326.389424197353,"264.2610823596155,51.91024346816871",25855249.70385165
725,3546.0032843455674,7445.225746810478,"264.26464875458635,51.737189358012195",4423835.259057394
726,3383.0676803799165,7562.221034675504,"264.26813362883496,51.56679752883827",3601264.4837674834
727,3217.607230685117,7681.030437766929,"264.27164625664676,51.39374314448224",3862162.948021958
728,3054.7144207137553,7797.997359795645,"264.2750789154106,51.22335084984533",4452813.783945209
729,2846.0428325010284,7947.838118577981,"264.27943995580233,51.00503574269068",3559833.197246388
730,2683.205911153519,8064.767966514865,"264.2828152037042,50.834643152516776",4034012.0112145916
731,2520.396101637728,8181.679815115574,"264.2861658299885,50.664250633352516",4712962.915361687
732,2356.0518575334386,8296.417020374221,"264.2936696889094,50.493890794330206",3782408.310292703
733,2193.300140044197,8413.290330216207,"264.2969562975176,50.32349770160115",4232376.832741455
734,2030.5797746525486,8530.142831268735,"264.3002193632336,50.15310448626273",4796224.386497868
735,1867.89223739532,8646.973542225564,"264.30345919455056,49.98271114954712",6965703.815955263
736,1705.2393827300248,8763.781210098281,"264.30667608731613,49.81231808939448",5001549.422197748
737,9527.361450324812,2937.343286370786,"264.43851475757236,58.09966311909105",10770918.500371668
738,9364.714941948445,3054.144502239688,"264.4418154936293,57.929267842615296",5294651.578407146
739,9202.033486583217,3170.9690364159123,"264.4450849789319,57.758872053430785",10096031.195153339
740,9039.318938500044,3287.8156359621157,"264.44832370365685,57.58847614963588",5001368.490185687
741,8876.572773571874,3404.6833196063985,"264.4515321553216,57.41808013256802",3474654.2450415245
742,8713.79665742599,3521.570969745138,"264.45471080765014,57.24768420190451",11202658.408700816
743,8550.991876957913,3638.477740671001,"264.4578601319514,57.07728816056206",12621582.536756547
744,8388.15971914841,3755.4027865434045,"264.46098058980306,56.90689181143105",3412236.2303057257
745,8181.056717412905,3907.3936388506695,"264.4600946760544,56.68854513546287",5554959.749469196
746,8018.168069586235,4024.356382767436,"264.46317206739593,56.518148657135185",3670216.9242553716
747,7852.711574546988,4143.161824886142,"264.46626927078637,56.345089779803466",3706501.8219901607
748,7689.779595959113,4260.153490814387,"264.4692914175344,56.17469328637311",4041366.8719318635
749,7526.828063918098,4377.158227385073,"264.4722867897573,56.00429649040825",6393221.261463626
750,7361.312262804186,4496.003284207424,"264.4753019704085,55.83123729401754",4574477.126655786
751,7198.326381494112,4613.030967547184,"264.47824458939465,55.66084048985534",5022561.495383232
752,7032.778455898008,4731.897507474372,"264.48120700990836,55.4877809867408",4091198.8516480885
753,6823.913886363189,4881.865262452998,"264.4849071988751,55.269459661967105",4352938.675574249
754,6660.884359438897,4998.922157720961,"264.48776692391885,55.09906243014547",4709381.500966264
755,6495.297285694745,5117.814909485827,"264.4906464125956,54.926002696109535",3462307.2089491417
756,6329.701315942163,5236.713637156044,"264.4935011643695,54.75294276344599",5404543.436110252
757,6166.6459252964805,5353.787893491332,"264.49628818325107,54.58254523937148",4683124.161287493
758,6001.037170790359,5472.695225030463,"264.4990949197195,54.409485211549175",3606193.447089353
759,5837.9720783116445,5589.776038274361,"264.5018353570947,54.23908747325561",3617510.1981124035
760,5672.356509307915,5708.688007391406,"264.50459547489885,54.0660272177806",5284743.427364841
761,5463.424705025947,5858.70103075041,"264.5080447322852,53.847704902381054",4774683.0098220715
762,5297.808848561224,5977.613305885792,"264.5107533589118,53.67464443442706",5479593.3239824185
763,5134.743224671907,6094.694684853595,"264.51339859199857,53.50424630329223",4163007.3300850024
764,4969.133678216369,6213.602859497654,"264.5160634093145,53.33118568991847",7117319.2421801705
765,4806.077259473308,6330.678210373069,"264.5186661224222,53.160787405495206",4761354.092296524
766,4640.479993379443,6449.5783182170235,"264.52128837048156,52.98772651378506",4993410.519477215
767,4474.891369200874,6568.472720759852,"264.5238896213446,52.81466563226289",3583313.696656679
768,4311.860067481291,6685.531505792993,"264.5264306290484,52.64426708629001",3508791.5212737853
769,4102.992864143724,6835.502065398427,"264.52965741445706,52.42594381010125",4056935.9539163862
770,3937.4425636590304,6954.371134458939,"264.5321925321533,52.25288254616322",5242275.202803581
771,3774.454095993142,7071.401572364176,"264.53466932800694,52.082483823047724",10726706.121893145
772,3608.935416311069,7190.24969525165,"264.53716547618285,51.909422489249785",7241350.231047269
773,3445.980802145598,7307.257715032492,"264.53960443482,51.739023402806374",4736207.406885814
774,3283.0454956131216,7424.252926412666,"264.5420250014221,51.568624433976",3509807.462259206
775,3117.5853691178586,7543.0622377862655,"264.5444648235861,51.39556285282613",4437143.127066831
776,2954.6928981682454,7660.029055689034,"264.5468490789662,51.22516352496813",5993075.187061093
777,2744.458916507919,7807.713865397338,"264.5541039668551,51.00686250601836",3566302.145726956
778,2581.622387187792,7924.643575686634,"264.55643218767307,50.836462911251424",3588751.399457826
779,2418.812990653642,8041.555272724308,"264.55874340348583,50.66606343832568",3931870.934837791
780,2256.032014021779,8158.448110648929,"264.5610378423354,50.49566388950424",4006779.6766190263
781,2093.2807443295924,8275.321243731925,"264.56331572834864,50.325264067039846",4754282.305479976
782,1930.5608473651905,8392.173554334928,"264.56557727657554,50.154864169917744",4266253.859626664
783,1767.8737991644775,8509.004061155818,"264.5678227010718,49.9844641987423",4551948.594051308
784,1605.2214541826288,8625.811511210704,"264.57005220712455,49.8140645508518",4448057.006612142
785,9425.78001108321,2797.212898771525,"264.765158845158,58.10103959990621",8353309.596558819
786,9263.133011563768,2914.014539470726,"264.7669764736805,57.9306380330974",6150345.214636031
787,9100.451085896773,3030.8394845640164,"264.7687768582963,57.76023601278699",4169995.605533134
788,8939.298897477274,3149.842307525143,"264.7656026299631,57.58981900775866",3623251.305549411
789,8776.552310638097,3266.7103684893573,"264.76739151965756,57.41941694261614",6714064.605947604
790,8613.775793120316,3383.598382237732,"264.76916376070585,57.2490150197148",15658731.74831272
791,8450.970631824126,3500.5055030603417,"264.7709196163836,57.07861304108853",5181052.512294844
792,8288.13811373509,3617.430885114342,"264.7726593445289,56.90821080876306",3849791.8043587715
793,8079.471808987358,3767.266304778741,"264.774865196898,56.689883079141374",4773118.432278165
794,7916.582842975953,3884.2293584795534,"264.776569059235,56.51948072206183",3743997.0703770868
795,7751.126046158581,4003.0351009560263,"264.7782838569177,56.34641592779549",4194861.351836995
796,7588.193791489108,4120.02704857179,"264.779957065423,56.17601366049165",4478926.72758644
797,7425.242004261136,4237.032052888303,"264.7816154173499,56.00561114148347",3794682.325877548
798,7259.725965364685,4355.877367367157,"264.783284702484,55.83254618387477",3656585.1685632314
799,7096.739870996818,4472.905290344886,"264.78491378271644,55.66214375682012",4149925.6245345506
800,6931.1917504133835,4591.772059378734,"264.78655379222994,55.48907859265227",4080375.1643093075
801,6722.326965664137,4741.740082859855,"264.78860218635475,55.2707501965222",3861605.802427595
802,6559.297294623843,4858.79717177913,"264.7901852700369,55.10034749918367",3872766.7566409474
803,6393.710095923645,4977.690105941522,"264.79177926182314,54.92728226154325",3742751.071437042
804,6228.114022795837,5096.589001618284,"264.7933595273391,54.75421687223986",4855270.82446471
805,6065.058551453929,5213.663409314014,"264.794902267075,54.583814020686056",4425003.854878485
806,5899.4497364118815,5332.570880297052,"264.79645588921665,54.41074862738558",4204929.868022425
807,5737.947487065654,5451.807569323616,"264.79341670546165,54.240331771372226",5114912.609797841
808,5572.331900743909,5570.719647751655,"264.79496342010725,54.067266297319634",4177867.020742842
809,5363.40010494661,5720.732788795289,"264.7968962698893,53.84893745995425",4704135.109276046
810,5197.784279253984,5839.6451411931475,"264.79841405928994,53.675871870107414",4751266.865103138
811,5033.155825528977,5954.570834980412,"264.8043729322157,53.505482370704954",6127037.972392912
812,4867.546353099315,6073.479059393343,"264.8058478030614,53.33241666131101",6802496.59331684
813,4704.490028351183,6190.55444521179,"264.80728827106,53.162013399344765",4733473.452662577
814,4538.892879160365,6309.454574265763,"264.8087395196834,52.98894749244323",4570852.212830375
815,4373.304393491764,6428.348983629955,"264.810179116616,52.815881635599034",5165675.730980906
816,4210.273249263447,6545.407761322445,"264.811585343261,52.64547822924907",4830725.979584682
817,4001.4062783280124,6695.3782911408,"264.8133710445979,52.42714878054214",3613830.9646786917
818,3835.856186501049,6814.247320324654,"264.8147739427492,52.25408266685865",4427746.83481836
819,3672.867945397807,6931.277704914811,"264.81614453661757,52.08367920529605",3604292.2931848415
820,3507.3495172641415,7050.12575938474,"264.81752580941327,51.9106130957524",3637154.3038313687
821,3344.3951718935095,7167.133697752802,"264.8188754061552,51.74020934271233",15139768.842176476
822,3181.4601551081896,7284.128813783535,"264.8202147964689,51.56980574221143",6800718.705909444
823,3016.0003443339133,7402.938014055388,"264.82156481183983,51.396739492277725",4859362.751809502
824,2853.1082053646787,7519.904708525089,"264.8228840515118,51.226335601704875",6563080.098516294
825,2644.4375376464704,7669.745135357826,"264.8245600277021,51.00800576172251",3995541.7902105763
826,2481.6013821668967,7786.674692695675,"264.825857111439,50.83760176846007",3517113.737728118
827,2318.792380101847,7903.586223074171,"264.8271446931198,50.66719792891501",4095546.5535966237
828,2156.01181856731,8020.478880634933,"264.82842290010683,50.4967940449235",4133764.953802058
829,1993.2609846001997,8137.351819652578,"264.82969185757497,50.32638991831851",4180913.479076923
830,1828.978742223001,8252.048147865165,"264.8350982456235,50.155998208882195",5846792.691855194
831,1666.2921783556094,8368.878429631026,"264.83633352202185,49.98559394709505",3798634.2725175037
832,1503.640338651859,8485.685640727459,"264.8375600129841,49.81519003876709",4942444.2844888745
833,9325.761568393802,2659.2387976596283,"265.0867948974382,58.10161544399046",3876525.185327622
834,9163.114073083178,2776.0408392213735,"265.08715198010856,57.931211222779865",4614151.020139302
835,9000.431672151288,2892.866171484655,"265.0875056152659,57.76080657293836",3850483.1543572526
836,8837.716219882734,3009.713541502918,"265.0878558568864,57.59040189124644",4243210.092656222
837,8674.969192161449,3126.581967997411,"265.0882027586376,57.41999717773056",8937904.523650726
838,8512.192254626432,3243.470333357233,"265.0885463726747,57.24959263079429",4230954.021984058
839,8349.38669418247,3360.3777918695105,"265.08888675087195,57.07918805208701",3473279.526088134
840,8188.116629709164,3479.459297567186,"265.08435367071974,56.90878029242982",3975537.3838112075
841,7979.449877920715,3629.295105804563,"265.08480848358704,56.690449312911106",5289486.7545568105
842,7816.56058645432,3746.258447136369,"265.08515972860437,56.520044445182506",3628798.4644939722
843,7651.103480149989,3865.0644676947845,"265.0855131696443,56.34697712385372",4115003.161980959
844,7488.170941488253,3982.056675285102,"265.0858579815313,56.17657239048321",3477527.3045323957
845,7325.218890844335,4099.06192585198,"265.0861996753847,56.00616742701609",3585882.1494514644
846,7159.702605481878,4217.907476378912,"265.086543564474,55.83310000853932",5011936.365931751
847,6996.716289185057,4334.935617937503,"265.0868791146021,55.66269517960042",4057333.4108016486
848,6831.167964277902,4453.8025949140965,"265.0872168589038,55.48962759714569",3468224.0132376123
849,6622.302952066026,4603.770860517226,"265.08763862464457,55.271296180131465",4201789.348275816
850,6459.273126985625,4720.828122745093,"265.0879645197619,55.100891147812646",3936690.9712514826
851,6293.685792922584,4839.721218865447,"265.0882926042411,54.92782355882171",3707625.475582511
852,6128.089605682558,4958.62026233176,"265.08861780711584,54.75475583813468",3596318.86507369
853,5965.034042749657,5075.694801699091,"265.0889352326987,54.58435071028689",3861063.5935346535
854,5799.425155778237,5194.602392349733,"265.08925484190166,54.411283024360955",4097069.9821813763
855,5636.359974737043,5311.683432811217,"265.0895668405933,54.24087780833619",8567881.358030278
856,5470.744358311311,5430.59560435174,"265.0898810183222,54.06781002090212",5544204.83756036
857,5261.812555343391,5580.608842328428,"265.09027355113597,53.84947829223238",4284418.657764301
858,5096.196748389333,5699.52125528806,"265.09058172908743,53.67641043165332",10465601.007610686
859,4933.131215132941,5816.60274205188,"265.0908826345318,53.506005080407995",5728439.796662892
860,4767.5218032683715,5935.510997832975,"265.09118570725826,53.332937192960614",6662830.474758167
861,4604.465558936445,6052.586400691276,"265.09148165747285,53.16253180349131",9207571.757800264
862,4438.8685125272405,6171.486532989867,"265.091779768963,52.989463752907454",3727577.899090382
863,4273.2801509140145,6290.380931428938,"265.09207543314403,52.8163957693354",3514273.34056353
864,4110.249149618856,6407.439684520858,"265.0923641913303,52.64599028530704",5666591.678313701
865,3901.382391960204,6557.410162747042,"265.09273079619794,52.427658197896555",4070413.0852436414
866,3735.832493252998,6676.279135015928,"265.0930187513659,52.25459001088939",4613461.468907351
867,3572.844463086844,6793.309449727418,"265.0933000240893,52.08418452350313",4500971.79823767
868,3407.3262702999173,6912.157419172725,"265.0935834359779,51.91111637210796",12700469.228571944
869,3244.3721774446703,7029.165259988133,"265.09386029715887,51.74071062380318",7874566.848159562
870,3081.4374338024413,7146.160264739471,"265.0941350137827,51.57030504289276",4756261.752886252
871,2915.9779215529575,7264.9693379449745,"265.09441185789245,51.39723679660177",5051150.990154997
872,2753.086097304822,7381.935893473267,"265.0946823401201,51.22683095494967",6704441.093891094
873,2544.4158629674394,7531.776122236815,"265.09502589032974,51.00849863596224",4768560.761197594
874,2380.0172366419047,7646.54974215087,"265.09950166060656,50.838095254046586",3435661.3014808195
875,2217.2086228568605,7763.4610855671835,"265.0997494927714,50.66768949927553",3656497.0149926385
876,2054.4284705490245,7880.353542240247,"265.0999954701145,50.49728371377802",4510161.212563545
877,1891.6780667547214,7997.226266447576,"265.10023961727296,50.32687769920439",4548483.2065165965
878,1728.9590772589095,8114.078140557976,"265.10048195789994,50.1564716539623",5627439.469994176
879,1566.2729780946856,8230.908183276415,"265.10072251553095,49.986065578080954",4592362.919111021
880,1403.6216237120307,8347.715141627916,"265.10096131275105,49.81565986834718",4517793.870968766
881,9225.743381076853,2521.265156683431,"265.4084342651327,58.10141782687424",3993303.950630241
882,9063.095377870375,2638.0675818077443,"265.4073307519905,57.931014463602054",3957635.788162214
883,8900.412489573995,2754.8932839473714,"265.40623758871885,57.76061066339132",7468166.102647061
884,8737.696570478882,2871.741010151039,"265.40515461279614,57.59020682315341",3750667.5162735707
885,8574.949096474109,2988.6097791360053,"265.4040816625609,57.419802943045056",3880312.4908253094
886,8412.171733204126,3105.498473287321,"265.4030185809354,57.24939922159635",5281358.245067108
887,8249.365767578089,3222.4062468889806,"265.401965211621,57.07899546058255",4175225.5927076363
888,8086.532486590295,3339.332254092358,"265.4009214015452,56.908591461776034",3994460.4098003684
889,7877.865264944265,3489.1684343390702,"265.3995977556252,56.69026149170902",4752717.396777183
890,7714.975630585459,3606.1320501347777,"265.39857520340536,56.51985740352668",3883953.0907321805
891,7549.518197416781,3724.938335187195,"265.39754597150437,56.34679086658524",3852429.8836219586
892,7386.585357980035,3841.930789160842,"265.39654158701387,56.176386898420404",3943384.1070183613
893,7223.633027462115,3958.9362721760244,"265.39554600726655,56.00598269320977",3636381.207735442
894,7058.116479250375,4077.7820445169673,"265.3945437484025,55.83291603783168",6841420.857200147
895,6895.129925220201,4194.810390428084,"265.3935655158636,55.662511953459436",9724462.358103912
896,6729.581380269773,4313.677560679799,"265.39258060604044,55.489445120413194",3518552.151243812
897,6520.716121241137,4463.646049588857,"265.391350276672,55.27111463920269",6362972.101963714
898,6357.686127384253,4580.703470196851,"265.39039930094026,55.10071032994503",4362799.434424458
899,6192.098643322914,4699.5967128955,"265.3894416597134,54.92764346884956",3823047.62356798
900,6026.502327668714,4818.495888551465,"265.3884921517054,54.75457646964271",4146216.6770062223
901,5863.4466593885845,4935.570544015141,"265.3875650809737,54.58417204600024",5624780.89741513
902,5697.837686847395,5054.478238295693,"265.3866313592572,54.41110506910436",3957977.392635359
903,5534.772442648897,5171.559366731135,"265.38571960299845,54.24070054520804",12942540.138566665
904,5369.156783507058,5290.471613338124,"265.38480120755196,54.06763345471901",6196122.138311491
905,5160.22495745839,5440.484925481513,"265.38365337858085,53.84930259678747",3923215.305565252
906,4994.60915663131,5559.397380955517,"265.38275191027344,53.676235419809096",3932358.700769901
907,4831.543650511846,5676.478895515891,"265.3818714513487,53.505830736019206",3505504.547691516
908,4665.934287643694,5795.387165244249,"265.3809843839661,53.332763520822276",3807503.9383373205
909,4502.87811266137,5912.4625677714275,"265.3801179017251,53.16235878779383",4702215.3152931025
910,4337.281158123378,6031.362685450566,"265.3792448267962,52.98929139843462",3612941.4503968935
911,4171.692909986372,6150.25705487666,"265.3783786533072,52.81622407064997",4467310.348515123
912,4008.6620415316147,6267.315765339489,"265.37753245262167,52.64581922708381",4030064.308043681
913,3799.7954846872385,6417.286168556461,"265.3764577499832,52.42748795278926",4029603.6713700565
914,3634.2457695948633,6536.155065093912,"265.37561331191426,52.25442040444999",4306287.357225462
915,3471.2579413299636,6653.185291179785,"265.37478821451907,52.084015540906414",4013497.306831515
916,3305.7399750405307,6772.033156337083,"265.3739565831356,51.91094801809564",7867587.771041338
917,3142.7861263099376,6889.040880412205,"265.37314391987707,51.740542883844675",4458261.116426928
918,2979.851647739707,7006.035754477471,"265.37233730035354,51.570137912231104",6053650.67642721
919,2814.3924261448606,7124.844680682169,"265.3715241780044,51.397070279956175",4928536.101720355
920,2651.500909190434,7241.811077419938,"265.37072948990834,51.22666503821179",4397454.666384206
921,2442.8310991838107,7391.651082361235,"265.3697197622339,51.00833348119528",4159673.87261497
922,2279.995660555818,7508.580278874201,"265.36893819177004,50.8379281586939",3547263.9977793996
923,2117.187416910876,7625.491420779395,"265.3681622467096,50.66752299931858",4054147.4514313014
924,1954.4076553637242,7742.383662223687,"265.3673918513933,50.49711780478078",3979087.3589960705
925,1791.65766294976,7859.256157486889,"265.36662693145996,50.32671237679101",3672515.451324751
926,1628.939105452033,7976.10778894116,"265.36586741557954,50.156306913814554",4193629.7746360614
927,1466.253458901951,8092.937575294429,"265.36511323274016,49.98590141593809",3408497.4893382853
928,1303.6025777465989,8209.744263575645,"265.3643643148593,49.81549628000362",4484912.554863192
929,9124.162620264957,2381.136035293927,"265.7350888394504,58.10042545279985",3898412.45886968
930,8961.514088841317,2497.9388322633295,"265.73250206426934,57.93002655574964",3937320.7423056774
931,8798.830693185128,2614.7648923549364,"265.7299396488503,57.75962717936741",7195642.293801466
932,8636.114287593991,2731.6129626121215,"265.72740121086815,57.58922772123038",3858633.361636753
933,8473.366347961968,2848.482061747946,"265.72488637004255,57.41882818215734",3665339.5166962403
934,8310.588539938839,2965.3710721429634,"265.7223947568658,57.24842876132182",4133095.0633134204
935,8149.3449709448805,3084.4349433028647,"265.71503444696054,57.078050007166034",5163452.966138501
936,7986.511293258743,3201.3612346229856,"265.71260976772487,56.907650139147265",8064001.919897714
937,7777.843593399413,3351.1977588661844,"265.70953519205904,56.68932540659939",5815737.1370106535
938,7614.953609264129,3468.1616275115775,"265.7071601063255,56.5189253640035",4444238.305071978
939,7449.495841913856,3586.9681553298315,"265.70476960127445,56.34586289859573",4495514.005633551
940,7286.562694176543,3703.9608345127617,"265.7024369008151,56.17546290320132",4270107.7681279145
941,7123.6100759402725,3820.9665290201324,"265.7001247421336,56.005062635471766",5447985.086588441
942,6958.093256586006,3939.812502114384,"265.6977971660919,55.83199994351981",5748913.94766292
943,6795.106456334991,4056.8410318604106,"265.6955254796522,55.66159972710137",6701398.36396903
944,6632.104642113732,4173.879611860317,"265.69327341422786,55.49119924032805",7217236.576346349
945,6420.692164791006,4325.677061297418,"265.69038151662807,55.270211170244",3977972.020996124
946,6257.661992615656,4442.734620482672,"265.68817342402525,55.09981061969565",4211044.138713966
947,6092.0743485371495,4561.627989868639,"265.685949946974,54.926747543200186",3967146.4100912795
948,5929.025585019051,4678.698022748829,"265.68377921950685,54.75634680268904",4092754.0743831275
949,5763.422109977992,4797.6020304576205,"265.6815931294554,54.58328353525263",4883241.6811419595
950,5597.81304086006,4916.509809140906,"265.6794254624619,54.41022024708873",6388944.514782328
951,5434.747722342945,5033.591006835744,"265.6773088784552,54.239819324712506",11851212.587038504
952,5269.13200881991,5152.50330972188,"265.67517697244983,54.066755861529124",5239317.091664289
953,5060.200144500859,5302.5166726466205,"265.6725126031133,53.84842953644935",10730717.41010077
954,4894.584337384363,5421.429152347583,"265.6704201944522,53.67536591893454",11774302.993811294
955,4731.518845851471,5538.510676913738,"265.6683766388207,53.504964711228496",4020678.6992289913
956,4565.909518903025,5657.418942739133,"265.6663178338041,53.331900997778305",3745915.774767247
957,4400.3057033035975,5776.32359395602,"265.66427559763787,53.15883716844447",3935103.1983811716
958,4237.256523664387,5893.394413219872,"265.6622807386402,52.98843574112553",9448392.566137975
959,4071.6683749319795,6012.288736437895,"265.66027068979,52.81537183134875",7889067.1753038475
960,3908.637625136371,6129.347387554999,"265.6583070761838,52.64497032656575",6474621.256420551
961,3697.2242794809263,6281.146478863553,"265.65578308808284,52.423980821038626",3706413.1682929476
962,3534.2217038293156,6398.186498974299,"265.6538540200587,52.25357907460376",3391271.2974304627
963,3371.234062215799,6515.216620415225,"265.65193965403023,52.08317746526697",3513857.1230674004
964,3205.7163066033827,6634.0643652305425,"265.65001021417487,51.91011322202843",4123299.196309769
965,3042.762686093036,6751.071956970523,"265.64812486611953,51.73971129215222",4357600.91594906
966,2879.8284563654047,6868.066684964997,"265.6462536228307,51.569309500692356",6129252.43079546
967,2714.369508609273,6986.875448758532,"265.6443673790836,51.396245073812175",7260606.5330034485
968,2551.4782820634127,7103.841671743547,"265.6425239818282,51.225842964405125",3764139.7939378778
969,2342.8088742775485,7253.681433997799,"265.64018188888866,51.00751538676617",4588621.999202157
970,2179.973773097018,7370.61042543706,"265.63836910707965,50.837113144032735",4095511.3347141477
971,2015.6030519630212,7485.365567408724,"265.6407632243102,50.66669323382431",4184137.518903226
972,1852.8236749182142,7602.257572558604,"265.6389606465567,50.49629114108227",3793024.999092402
973,1690.074087944005,7719.129817591136,"265.63717096276423,50.325888792463786",4107423.915739626
974,1527.3559568213213,7835.981184881324,"265.63539400515873,50.15548638672661",5484261.952290888
975,1364.670757579684,7952.810693139877,"265.633629606726,49.98508392424844",4508172.29338489
976,1202.0203446629162,8069.617089399447,"265.63187760732103,49.81468180215037",4399324.760765148
977,9024.144927663314,2243.163166260169,"266.056693706535,58.09866892929327",3830846.0704918583
978,8861.49586395922,2359.966311912639,"266.0526468472802,57.92827796828587",3706309.731403939
979,8698.811956563914,2476.7927070146948,"266.04863813507217,57.75788645279166",15769699.443851175
980,8536.095059781124,2593.641098604305,"266.0446669713397,57.58749478156738",19257098.77806659
981,8373.3466495096,2710.510505389997,"266.0407327607185,57.41710295660507",3961648.8572360845
982,8210.568391404231,2827.3998097476874,"266.03683492470486,57.24671117821832",3917930.3919388563
983,8047.761572382124,2944.3081659541294,"266.0329728877034,57.076319249956654",9940527.371018197
984,7884.927479445505,3061.234728153502,"266.0291460860003,56.905926975330246",9994567.849217357
985,7676.259278077891,3211.071579127079,"266.02429362687633,56.68761187086033",4995025.02202699
986,7513.368926355136,3328.035686907323,"266.02054518322194,56.51721926541319",4795437.624178162
987,7347.910807066273,3446.84244334731,"266.01677244291733,56.34416428502133",4328455.059883218
988,7184.977333871599,3563.835333601205,"266.0130909688728,56.1737715932417",4616999.623446884
989,7022.024411084408,3680.8412252519056,"266.0094419514796,56.00337856441036",5281828.5911312625
990,6856.507303823761,3799.687384310356,"266.00576864095825,55.83032315921776",3393723.953575329
991,6693.520241172597,3916.716083116869,"266.00218357137214,55.65993005419087",5105152.765118028
992,6530.518185467241,4033.754818240729,"265.9986295040084,55.48953661699362",4508651.813035934
993,6319.105426127268,4185.5524480929535,"265.9940657491946,55.2685575987535",5399155.094799513
994,6156.075060520998,4302.610130381903,"265.99058116165565,55.09816395924657",4973089.660494989
995,5990.487241407424,4421.503610521922,"265.9870723337177,54.92510784155033",5605312.766800704
996,5827.438326638127,4538.573738396833,"265.9836467860103,54.7547138943636",7081243.629537642
997,5661.834719405462,4657.47782830758,"265.98019703271603,54.58165746794074",4487561.828663284
998,5496.225539686991,4776.385674803218,"265.976776389619,54.40860096274983",4307385.149465445
999,5333.1601333679955,4893.4669252064205,"265.9734363937684,54.23820666312264",4317926.324594088
1000,5167.54435209983,5012.379267342627,"265.97007225685076,54.06514987025006",5247472.821704811
1001,4958.612433125123,5162.392659249719,"265.96586794880756,53.84683188091059",7006851.066779034
1002,4792.996607106348,5281.305145646917,"265.96256622252724,53.67377480927406",5449350.487124033
1003,4629.931118065436,5398.386662740759,"265.95934162043903,53.50337999424836",3893842.091816647
1004,4464.321815081971,5517.294906690946,"265.9560929925617,53.330322720812184",4505306.570718408
1005,4298.718045048784,5636.199521635305,"265.95287054594735,53.157265279294464",3665955.8538988642
1006,4135.668931380822,5753.270291117412,"265.94972289182266,52.9868700912438",3688019.894590274
1007,3970.0808710866536,5872.164549488722,"265.94655130634817,52.813812467881995",6058657.571890749
1008,3807.0502294756297,5989.223122689344,"265.9434530252108,52.643417103933906",6650072.816544865
1009,3595.6370553148436,6141.02209216088,"265.9394706117523,52.42243549118922",3396096.484588382
1010,3432.6346359524796,6258.0620022952,"265.9364269190389,52.25203977676024",4538200.201131621
1011,3269.647171571354,6375.091999802446,"265.93340645838833,52.08164415311407",3382578.103367241
1012,3104.1296173970036,6493.939604462163,"265.9303622503665,51.9085859423485",4709355.374227751
1013,2941.176216331944,6610.947044137745,"265.92738764421966,51.73818990674889",4094447.0962536726
1014,2778.242226991292,6727.941606113238,"265.92443532673536,51.56779396513247",4252970.626247907
1015,2612.783544812672,6846.75018701129,"265.92145937816946,51.394735434647764",15502797.491873
1016,2449.8926008624026,6963.716215853057,"265.9185510639593,51.22433908736354",3635129.377529201
1017,2241.2235857524497,7113.555708973638,"265.9148560117462,51.00601883019785",6019443.893700548
1018,2078.388814932696,7230.484474446554,"265.91199607767345,50.83562225314381",7556109.694632934
1019,1915.5812806489216,7347.395157639007,"265.90915689177643,50.66522577531254",4588163.773742227
1020,1752.8022700135107,7464.286912701657,"265.90633817547075,50.49482919927462",4380811.957982623
1021,1590.0530700594372,7581.15889391837,"265.9035396549522,50.324432327584866",4894212.110217869
1022,1427.335346565338,7698.009983666752,"265.9007610675393,50.15403535951897",5346572.707119999
1023,1264.6505755586359,7814.839200660079,"265.89800215174387,49.98363829597007",4101971.3236169415
1024,1102.000611479812,7931.645291934246,"265.8952626568249,49.813241534553676",5010089.687986766
1025,8895.997676247438,2066.3859697553507,"266.46869299096863,58.095288367171136",5828358.439921555
1026,8733.347912890478,2183.189536861979,"266.4627762423447,57.92491270238033",4698393.394061763
1027,8570.663332167609,2300.016335910238,"266.45691528909333,57.754536338416216",40671238.67170964
1028,8407.945788390152,2416.865113930695,"266.4511092559919,57.58415967630546",16535282.418920923
1029,8245.196757462643,2533.7348896257377,"266.445357272503,57.41378272029773",3798501.9109720928
1030,8082.417905046121,2650.6245453648703,"266.4396584927371,57.24340567290043",4176712.5638847523
1031,7919.61051806228,2767.5332354194243,"266.43401207505445,57.07302833984576",4291323.680821268
1032,7756.775883517766,2884.460113928403,"266.4284171951837,56.9026505267815",3697520.1796009685
1033,7548.107026738862,3034.2973445329035,"266.42132281181824,56.68435375914978",3588257.703170849
1034,7385.21619354773,3151.2617285922106,"266.4158425452574,56.513975318057405",3752628.4292215183
1035,7219.7576122593,3270.0687476585354,"266.41032678028387,56.34093459334322",3392400.6242852933
1036,7056.823710753179,3387.061878800585,"266.40494447031676,56.17055581190527",9369583.61721788
1037,6893.870386032461,3504.0679937745676,"266.3996096351093,56.00017657030828",6411594.539164535
1038,6728.3528975623,3622.9143616621996,"266.394239307336,55.82713504365873",3305192.5210709744
1039,6565.36548615864,3739.943248374235,"266.388998010058,55.65675548331312",5737387.553699931
1040,6402.363108089904,3856.9821538264505,"266.3838020607693,55.486375473205726",3602406.2441350096
1041,6190.949969994517,4008.7799783875475,"266.3771300109359,55.26541369592068",3979926.0197851546
1042,6027.91934265045,4125.83779061787,"266.37203569288044,55.095033219966155",4479797.644830355
1043,5862.331284731119,4244.731384726429,"266.3669059605151,54.92199035692995",3926771.664655446
1044,5699.282161438264,4361.801607087188,"266.3618980035094,54.75160934935647",4197550.559381164
1045,5533.678369450699,4480.705774950834,"266.3568546835142,54.578565953522244",5389538.805160438
1046,5368.069032215917,4599.613681247881,"266.35185394521403,54.40552236850418",4450077.755419677
1047,5205.003497419109,4716.694972795205,"266.3469711313991,54.235140683989776",3623394.618209016
1048,5039.38761269867,4835.607338701705,"266.3420530495455,54.06209659696036",32718063.05887434
1049,4830.455602079289,4985.62073469263,"266.3359067439981,53.84379448602294",4284506.665148328
1050,4664.839734224196,5104.533203791556,"266.3310799564358,53.67074988350395",3836987.9025551085
1051,4501.77423061231,5221.614686107928,"266.32636594062376,53.500367245898715",3522782.3364946246
1052,4336.164939868813,5340.522876713379,"266.3216168261664,53.32732224017606",3364260.8968110415
1053,4170.561209324643,5459.427420148164,"266.31690601029743,53.15427696706548",3543311.779512038
1054,4007.512161162187,5576.498101472091,"266.312304555831,52.98389366456918",3621675.3844894674
1055,3841.9241944374207,5695.392252281099,"266.3076681413744,52.810848016696816",4520512.788214756
1056,3678.893671580676,5812.450701824231,"266.3031389117247,52.640464351030076",8024791.486064092
1057,3467.480690775824,5964.249484695674,"266.29731724676697,52.419497774197445",5402117.037478527
1058,3304.4784508463827,6081.289230718451,"266.29286787205643,52.249113550994934",6445320.916826864
1059,3141.491192315112,6198.3190465018715,"266.2884524827267,52.07872933045588",6028541.160003535
1060,2975.973874245802,6317.166448571255,"266.2840024033794,51.90568261203516",8382709.596412044
1061,2813.020732275574,6434.173671024088,"266.2796540934767,51.73529780561647",3880584.3657510164
1062,2650.0870284437005,6551.167998166341,"266.2753383893253,51.56491300864035",3704654.662456476
1063,2484.6286632703545,6669.976322537345,"266.27098816572226,51.3918657115931",5598547.974594838
1064,2321.7380580664326,6786.942081052304,"266.2667368337454,51.221480342045695",7113428.941434481
1065,2113.0695155704493,6936.781202085895,"266.2613354944101,51.00317403166869",4676460.640405468
1066,1950.2351437415377,7053.709657068487,"266.2571549381748,50.83278824884762",6378523.143829911
1067,1787.428034853162,7170.620012167907,"266.253004734854,50.66240248655279",4766363.80994189
1068,1624.6494760157902,7287.511421536578,"266.2488844770395,50.49201654841162",5528421.236327056
1069,1461.9007542604227,7404.38303946028,"266.24479376431276,50.32163023801762",3873843.214715348
1070,1299.183535362265,7521.233748319431,"266.24073221251615,50.15124375564308",13366745.615497852
1071,1136.4992953458823,7638.06256683012,"266.23669943923835,49.98085710317322",6291166.383159242
1072,973.8498886471662,7754.86824203205,"266.23269507777997,49.81047067917501",3734133.8194965413
1073,8795.980665786821,1928.413936745118,"266.7901919548956,58.09176815829655",6025411.557413028
1074,8633.33034257551,2045.2178130450147,"266.7828166899422,57.921408431020176",4159243.876442128
1075,8470.64522254997,2162.044907629839,"266.7755109767327,57.75104785393971",5563870.209344442
1076,8307.927160027208,2278.8939675240654,"266.76827372456785,57.58068683044383",3814151.5082626157
1077,8145.177630915838,2395.7640114247674,"266.7611038485759,57.41032536713155",3582022.555659955
1078,7982.398300881663,2512.653921696252,"266.75400029459655,57.23996366879314",3781066.576795248
1079,7818.027648013639,2627.40707091338,"266.7518513814463,57.06954203069193",4171986.3875830728
1080,7655.192570078108,2744.3341800069716,"266.744855803955,56.89917954791311",4501758.730369902
1081,7446.523175746833,2894.1716857318506,"266.735985323033,56.68090221880088",3525228.539343361
1082,7283.631946844202,3011.1362686576476,"266.7291330622749,56.510538793188054",3668727.660856105
1083,7118.1729850602915,3129.943475458864,"266.7222364207356,56.3375131808761",3521221.2600914845
1084,6955.238729985192,3246.9367774237135,"266.7155066496545,56.167149145859625",4885125.199461365
1085,6792.285072607477,3363.9430493016976,"266.70883624369156,55.99678452028393",5971758.522051697
1086,6626.767267690655,3482.789562294055,"266.7021214650212,55.82375770656041",3719706.5169938174
1087,6463.779565790025,3599.8185778431744,"266.69556802488313,55.65339250531126",4185474.1137449797
1088,6300.776918144429,3716.8575982027337,"266.68907129112705,55.483026729740224",4075704.2187611233
1089,6089.363461603894,3868.6555510318585,"266.68072892987556,55.262083230354946",3630087.767676159
1090,5926.332612743089,3985.7134461621436,"266.6743592839407,55.09171670977819",5035777.032237199
1091,5760.7443512664095,4104.607110197338,"266.6679453643678,54.91868789880704",3404690.941066436
1092,5597.695048640617,4221.6773873572765,"266.66168371210955,54.748320609394796",4122795.1093839454
1093,5432.091095942209,4340.581596602244,"266.65537785080943,54.57529102826731",3848414.0200971225
1094,5266.481619588447,4459.489529893454,"266.64912523803275,54.402261140991634",6362639.856013177
1095,5103.415968910304,4576.5708339604935,"266.6430200776621,54.23189283089238",4502631.314646273
1096,4937.799987926292,4695.4831983013555,"266.6368708275825,54.0588622145618",3879935.918795473
1097,4728.867886672928,4845.4965717841915,"266.6291858969584,53.84057693799145",6379477.2455934845
1098,4563.251971394616,4964.409006762961,"266.62315081219947,53.66754555539963",4681505.5793079855
1099,4400.186442190556,5081.4904414170005,"266.61725673706115,53.4971758285469",3974385.1155215814
1100,4234.577146886748,5200.398569327024,"266.6113187848256,53.32414382939411",3442047.513018309
1101,4068.9734333804345,5319.3030356660065,"266.60542872637456,53.151111457652085",4984551.655652445
1102,3905.924423096298,5436.37362700937,"266.5996754133061,52.980740756716884",6459408.166579898
1103,3740.336516273895,5555.267672140231,"266.5938783970413,52.8077078058415",4511036.691846008
1104,3577.3060735004656,5672.326003558525,"266.588215404554,52.63733654334287",4930130.658060559
1105,3365.8932277389813,5824.124612439083,"266.5809364648015,52.41638590853698",5131002.376812457
1106,3202.891115985374,5941.164208262702,"266.5753733354821,52.24601386914989",7734201.586678995
1107,3039.9040065670406,6058.193859882462,"266.5698527070665,52.07564173907207",8025988.889916209
1108,2874.3868613703585,6177.0410809292725,"266.564288713888,51.9026072058064",5076392.038193521
1109,2711.4339107123023,6294.04811107058,"266.5588519730453,51.73223430558874",3409739.2927645193
1110,2548.5004191266776,6411.042231937138,"266.55345600821073,51.561861325249055",3522014.5254096254
1111,2383.042290942059,6529.850332516393,"266.5480168923459,51.388825939063324",4168525.753913684
1112,2220.1519401762816,6646.815856609982,"266.5427014302955,51.21845220932852",6216206.299599424
1113,2011.4837542659975,6796.654656886325,"266.53594812120565,51.000160686983804",4732577.191384636
1114,1848.649684618862,6913.582845596707,"266.53072117076914,50.82978634956163",4178807.9925002
1115,1687.4057460764884,7032.648721489788,"266.52133973490754,50.6594629973858",4406835.884228584
1116,1524.62752607121,7149.539841328512,"266.5162040562274,50.489088146413906",5277267.502175787
1117,1361.8791637477252,7266.41115597924,"266.5111052130028,50.31871284341736",4873993.73423814
1118,1199.1623248784385,7383.261547824397,"266.50604272639913,50.148337289705744",10726644.989949055
1119,1036.4784854851546,7500.090035581636,"266.5010161197575,49.977961488196904",4071058.018104055
1120,873.8295000002145,7616.895366293602,"266.49602493600077,49.80758583844806",3982476.0790955303
1121,8694.401209899457,1788.2864146547672,"267.1166439703006,58.08740200479411",17613092.746094096
1122,8531.750305722637,1905.09058725646,"267.1077884415869,57.9170620485317",9644128.296759335
1123,8369.064625608653,2021.9179642803101,"267.0990164153952,57.74672105572438",6510023.322328302
1124,8206.34602388008,2138.767292744216,"267.0903265826938,57.57637943268767",3336552.6503563807
1125,8043.59597644965,2255.6375913397455,"267.0817176414249,57.406037188931776",4682467.544765841
1126,7880.816148987558,2372.5277424254787,"267.07318832638515,57.23569453207578",3622478.1562270066
1127,7718.0078284219535,2489.4369002632043,"267.06473737869686,57.065351272938",6266660.183917647
1128,7555.172301765791,2606.3642189826496,"267.05636356544477,56.895007222147335",10003687.506345049
1129,7346.502362588123,2756.2019732947774,"267.0457454554859,56.67675326461334",3501209.92460174
1130,7183.610731917303,2873.166734627963,"267.0375431816591,56.50640789273075",4564835.640917143
1131,7018.151383159971,2991.97410860917,"267.0292877781135,56.333400450788936",4487250.953751146
1132,6855.216767815698,3108.9675613783434,"267.02123211679435,56.16305414620851",3569584.354159025
1133,6692.262770760941,3225.9739703599316,"267.0132475123247,55.99270709438118",13684685.41239018
1134,6526.744641940399,3344.8206085702745,"267.0052097888262,55.81969797102104",5095384.216661855
1135,6363.756641877676,3461.8497335950156,"266.9973651871206,55.64935003479867",3572729.1039034147
1136,6198.206740296008,3580.7176205361448,"266.98946748522593,55.47633972840901",4269484.0090377685
1137,5989.339930849777,3730.686906311125,"266.9796024754506,55.25807985235566",4378067.813703157
1138,5826.308851749617,3847.7448656956612,"266.9719778696479,55.087730111687364",3679747.4069529963
1139,5660.72037752776,3966.6385809422886,"266.9643002650158,54.91471819697273",3682641.4575661826
1140,5495.123184631767,4085.538153907886,"266.956688311375,54.741705672787376",3479371.494413422
1141,5332.066762942975,4202.61312704554,"266.94925666556173,54.571354432325066",7971060.364391172
1142,5166.457137291745,4321.521069280651,"266.9417721435978,54.39834101553136",5740830.322362464
1143,5003.391360385612,4438.60236831204,"266.9344641244096,54.22798878722228",4374496.338215489
1144,4837.775272299547,4557.51471347782,"266.92710332789613,54.05497436854049",3845791.6018263814
1145,4628.843066264293,4707.528042553766,"266.91790428484717,53.83670933433267",4581236.366095508
1146,4463.227091971063,4826.44042630383,"266.9106801457536,53.663693848038875",4110946.212274362
1147,4300.161525435716,4943.521796666115,"266.90362479839746,53.4933396457959",4393755.132818724
1148,4134.552213317964,5062.429845210635,"266.8965169292354,53.320323286547485",3587369.5433462067
1149,3971.496198693999,5179.504956369074,"266.8895744299386,53.14996822490388",4398184.160612848
1150,3805.8995191358913,5298.4047033853185,"266.88257953957753,52.97695088039992",6805319.227053704
1151,3640.311658965083,5417.298626824952,"266.87564037576146,52.80393319740642",3567591.0274527716
1152,3477.2812829010127,5534.356824566059,"266.86886164249154,52.63357684953887",3872231.4654508475
1153,3268.415517012433,5684.326464134403,"266.8602530396813,52.415307160100156",5378150.646248991
1154,3102.866556657787,5803.1946701625875,"266.85348939275104,52.24228799653171",4351790.474526749
1155,2939.8795819077195,5920.224142765836,"266.8468810769919,52.071930405286814",10603051.18157493
1156,2774.3625945802837,6039.0711679216865,"266.8402208544142,51.898910524792484",4788523.343051683
1157,2611.4098201338315,6156.077991324607,"266.83371295760594,51.72855194196789",3562453.050281696
1158,2448.476525368261,6273.071891699503,"266.8272538726301,51.55819317138356",3633795.8521943563
1159,2283.0186181717486,6391.879754264523,"266.82074313722774,51.38517210832651",3755285.8558342974
1160,2120.128505760845,6508.8450301448265,"266.81438042042447,51.21481237584033",4624195.084876388
1161,1911.4606553529138,6658.683492299879,"266.8062965750175,50.99653863667019",3410241.6865512403
1162,1748.6268710599152,6775.611401424656,"266.800039814381,50.8261780628476",7791853.090476937
1163,1585.8203912313047,6892.521182955768,"266.79382849465435,50.655817325971334",3407326.3903163555
1164,1423.0425029736484,7009.41199104708,"266.7876620062155,50.48545623213237",3990050.996345192
1165,1260.2944933140484,7126.282979986332,"266.7815397498966,50.31509458734553",3696075.852856339
1166,1097.5780280218955,7243.133032157545,"266.7754611508602,50.144732594206275",3782817.9303624383
1167,934.894583116265,7359.961166279931,"266.7694256368768,49.97437025691243",8357844.269271046
1168,772.246013025363,7476.7661293985275,"266.7634326592253,49.8040079762487",4103969.909783836
1169,8594.384910126624,1650.3150870287309,"267.4379904155798,58.082324573534876",10849920.239109583
1170,8431.73342175465,1767.1195339213536,"267.42767862616097,57.91200760885686",6232110.6543703955
1171,8269.047178005409,1883.947171593797,"267.41746405119557,57.74168939061689",3585083.871060036
1172,8106.328033206828,2000.7967470574413,"267.40734516727986,57.571370328529866",4704092.808641491
1173,7943.5774632754255,2117.6672789980175,"267.3973204590982,57.401050435487306",4169744.195910396
1174,7780.797133885508,2234.557649768172,"267.38738845421864,57.23072992239401",3575628.4506933107
1175,7617.988331968101,2351.467013624473,"267.37754768754445,57.06040860333768",3935567.369636245
1176,7453.589537209587,2466.2387529156404,"267.37266220411175,56.89000346461079",4396069.156433427
1177,7244.9190288705695,2616.07673704814,"267.3602705524827,56.67177753682338",11038045.799410822
1178,7082.026977823789,2733.0416619032935,"267.3506982361806,56.50145381708754",9881041.88809392
1179,6916.567223526023,2851.849187732448,"267.341063900614,56.32846816730687",4327165.529212895
1180,6753.632229957572,2968.8427759986735,"267.3316626566088,56.15814312738608",3936520.1895528645
1181,6590.677875594383,3085.849306566738,"267.3223443247529,55.987817152416746",6592585.40940669
1182,6425.159405294214,3204.6960540202713,"267.31296398749424,55.81482924589457",5744798.437867604
1183,6262.171090089844,3321.72527257949,"267.30380901812276,55.644502016500375",3670982.71189257
1184,6096.620889857853,3440.593240265038,"267.2945920661938,55.47151255686514",3784176.717042588
1185,5887.753734442802,3590.5626074084885,"267.2830791656644,55.253278720124435",5014034.842227711
1186,5724.722409187942,3707.620614409121,"267.2741809024429,55.082949104815675",4370121.615536255
1187,5559.133706386983,3826.514363751736,"267.2652207762523,54.90995745511345",3829333.8726963783
1188,5393.536306500918,3945.4139564352463,"267.2563372573141,54.73696502241387",3489792.0136753893
1189,5230.47970210148,4062.4889349361756,"267.2476641564765,54.5666333972857",7305703.922024524
1190,5064.869912310263,4181.39686834442,"267.23892933693054,54.39363973515006",3999519.072125153
1191,4901.803994886139,4298.478144627427,"267.2304004960852,54.22330679540203",3877514.0816857032
1192,4736.187785513701,4417.390452409627,"267.2218100525401,54.05031180434125",4380391.34926672
1193,4527.2554572750605,4567.403713792557,"267.2110742648529,53.83207104916328",4051696.4050779035
1194,4361.6394105316485,4686.316027605014,"267.2026432893017,53.6590746292647",4418444.108622165
1195,4198.5737937596905,4803.397315037767,"267.1944092957181,53.4887390476969",3935782.0751284943
1196,4032.964452049071,4922.305265067134,"267.1861139989632,53.31574144750299",4192126.1818490187
1197,3869.9084293863975,5039.380265154156,"267.178011691684,53.145404708236775",3377686.7287331047
1198,3704.3117630923502,5158.279885070025,"267.1698482343848,52.972405824141745",5922790.932972563
1199,3538.7239377796077,5277.173667003526,"267.16174980703715,52.79940645424936",3322478.9708669884
1200,3375.693617134987,5394.231711338937,"267.1538386060991,52.629067995859366",5801337.636749583
1201,3166.8279528450703,5544.201133941953,"267.1437918262814,52.41082102469617",3573689.8399176407
1202,3001.2790974410154,5663.069151691279,"267.13589821978724,52.23781971026016",4192149.8986584838
1203,2838.2922471213906,5780.098424832497,"267.12818588978564,52.067479558001224",15550956.745912092
1204,2672.7754075915354,5898.9452331091115,"267.12041297651535,51.89447725323859",5010483.854003057
1205,2509.8227997609883,6015.951828888111,"267.11281783300075,51.7241358439424",5423594.387050555
1206,2346.889692537872,6132.945487667074,"267.10527965206137,51.55379411785128",3702736.667998837
1207,2181.43199723223,6251.75309055947,"267.0976811877624,51.38079023535325",3730466.1818540227
1208,2018.542114539181,6368.718096680248,"267.0902554675032,51.21044729260682",6889201.442943522
1209,1809.8745890312011,6518.556192786672,"267.08082106910354,50.99219488450925",3466078.516855798
1210,1648.6039393893934,6637.639609700174,"267.06931203533657,50.82192244935252",7726600.43029949
1211,1485.797753421342,6754.549080617036,"267.06207895570986,50.65157783067484",3566417.49809605
1212,1323.0201796157335,6871.439564338389,"267.05489807959447,50.48123273847968",4264323.3258721605
1213,1160.272504997325,6988.31021515224,"267.0477687094824,50.310886980339156",3657908.140826069
1214,997.5563953323021,7105.159915444052,"267.04069017619094,50.14054076034278",3729685.6255807397
1215,834.8733266366798,7221.987683934166,"267.0336618135674,49.970194084175674",8190814.634895841
1216,672.2251533346098,7338.792267669762,"267.02668298282794,49.79984735404886",6624993.754518202
1217,8494.368952989667,1512.344032177772,"267.75924087671297,58.07647509970855",3797948.831014224
1218,8331.716868354246,1629.1487360421725,"267.7474742466804,57.90618461869039",7188360.722216478
1219,8169.030048905344,1745.9766170514654,"267.7358185150678,57.735892634303426",8470129.000204332
1220,8004.747578157334,1860.6706416416137,"267.72922311886214,57.56550335074634",7198546.283139235
1221,7841.99646521936,1977.5413928677167,"267.71776189324584,57.395209632843304",3417922.1564323273
1222,7679.215613720891,2094.4319690559287,"267.7064066257651,57.224915052693056",4040800.4677138994
1223,7516.406310595543,2211.341524457267,"267.69515564253624,57.054619428207026",4139969.0900885155
1224,7353.569842861681,2328.2692131907625,"267.68400730416505,56.884322576961296",3705386.4235173147
1225,7144.898758563731,2478.1074013036337,"267.66987099305027,56.66612846860641",16567247.249142341
1226,6982.006281471291,2595.0724697627506,"267.6589509313044,56.495829328607485",9215552.23815501
1227,6816.546115547746,2713.880127434596,"267.6479600930355,56.32286841765915",3890771.918674315
1228,6653.6107374409285,2830.873831720537,"267.6372351412947,56.152567517886254",4965058.409346947
1229,6490.6560191349945,2947.880464616015,"267.626604752717,55.98226547000824",5192462.058529061
1230,6325.137200289285,3066.727301975943,"267.6159036051901,55.8093016496277",3867287.3022158393
1231,6162.148562662757,3183.7565952496807,"267.60545953685585,55.638997927528976",4327075.231409656
1232,5996.598056057974,3302.624624788446,"267.5949447367204,55.466032134175016",3671041.16755533
1233,5787.730544459082,3452.5940497878737,"267.58181066323186,55.24782785875827",6329787.952815317
1234,5624.698964710243,3569.6520863009086,"267.57165938110285,55.07752109105852",5158481.404148971
1235,5459.110024531316,3688.54585157486,"267.56143750523665,54.90455244763509",5576636.845999775
1236,5293.512408524308,3807.4454460348643,"267.55130300531846,54.73158282434011",5082065.767003091
1237,5130.455612098952,3924.5204124515535,"267.54140853667525,54.561273468172594",4110502.6812250423
1238,4964.845648377025,4043.4283195337703,"267.5314436402357,54.38830223328957",9223648.574432777
1239,4800.216702617158,4158.353799923585,"267.5262648666083,54.2179025816926",4882831.962046837
1240,4634.600359351529,4277.266052274844,"267.51644574966133,54.044930014488756",4787742.071090665
1241,4425.66789300396,4427.2792231979965,"267.5041744209051,53.82671728295428",5779713.196845169
1242,4260.051761200763,4546.191449026068,"267.4945375438437,53.653742870236556",6247672.437569518
1243,4098.548966490062,4665.428397619708,"267.48065381872044,53.48351585121513",5754432.567904959
1244,3932.93958331836,4784.3362330163145,"267.47119024368845,53.3105395486631",5153337.43576059
1245,3769.8835406048815,4901.411106377913,"267.4619468242339,53.140223611370885",4640880.586444727
1246,3604.2868750431207,5020.310583513499,"267.4526336289453,52.967245686064",4127553.36624165
1247,3438.699071722015,5139.204208480959,"267.4433946091651,52.79426710781734",3398964.4914076156
1248,3275.6687935011587,5256.262084403401,"267.4343691724798,52.62394896021257",5168480.171621568
1249,3066.8032136843,5406.2312711240775,"267.4229073585031,52.405727782339746",3312798.8266970683
1250,2901.254449276481,5525.0990858470705,"267.4139019671095,52.23274673310034",6126277.929651848
1251,2738.267709319829,5642.128145219562,"267.4051033731041,52.06242638046582",6535323.701099633
1252,2572.751002967073,5760.974722303483,"267.39623565180096,51.88944403067568",4237070.129975299
1253,2409.798547028465,5877.981076578457,"267.38757072848455,51.71912211979069",3275908.864195119
1254,2246.865612298024,5994.974480092634,"267.37897078089793,51.548799745693834",3318486.4454340055
1255,2081.408113264504,6113.78180964585,"267.37030204898883,51.375815369763515",3877902.347751319
1256,1918.518444581965,6230.746532763091,"267.3618303832066,51.20549148993808",4313485.166510803
1257,1709.8512233717333,6380.584246159244,"267.3510670949029,50.98726330106999",3768576.1848159204
1258,1547.0179775079046,6497.511539252211,"267.34273647657625,50.81693798196347",4178641.8555308604
1259,1384.212077612357,6614.4206770188375,"267.334466349387,50.646612243362284",4579867.592359455
1260,1221.4348107870264,6731.310813613449,"267.32625590227104,50.47628589479574",4274150.53074788
1261,1058.6874640541032,6848.181103324183,"267.3181043380641,50.30595874565808",4599993.654051295
1262,897.534543288627,6967.186267008177,"267.3058679425557,50.135711514969465",3621242.0560524217
1263,734.8518386858605,7084.013652565931,"267.2978473514118,49.96538288295711",3694342.5783393406
1264,572.2040500492731,7200.817839611667,"267.28988327793576,49.79505406963932",4644235.847769423
1265,8392.790650211356,1372.217488586687,"268.0853986132849,58.06974444116336",22200913.9774566
1266,8230.137947649117,1489.0224357087254,"268.07215606966764,57.89948442563645",15672784.76260627
1267,8067.45053116215,1605.850546135388,"268.0590382896062,57.72922261958917",7225109.273808401
1268,7904.730255088452,1722.7005668636994,"268.0460433198143,57.558959441138676",4525510.944579456
1269,7741.978595351464,1839.5715165668416,"268.0331692172828,57.388694911534564",3838038.8304975447
1270,7579.197217633414,1956.4622775846274,"268.0204140939692,57.21842924980353",4084435.8271855065
1271,7416.387408870343,2073.3720041622355,"268.00777607114856,57.048162278115036",3745215.0541159906
1272,7253.550456083009,2190.2998504128473,"267.9952533087851,56.87789381821562",3200789.017074453
1273,7043.315944283077,2337.982416681387,"267.98420937913085,56.65962992332624",3830236.492031628
1274,6880.423022165468,2454.94761331302,"267.9719219273655,56.48935905333743",4163034.6899069627
1275,6714.96242567133,2573.7553869412304,"267.9595547998148,56.31642659556415",4775082.438897804
1276,6552.026644698765,2690.7491913941944,"267.94748681830646,56.14615346057128",5996011.137919767
1277,6389.071544445986,2807.755910554919,"267.9355252076476,55.97587893259857",3348998.3306088108
1278,6223.552359100018,2926.602821293206,"267.9234839432284,55.802942815228775",3542681.56317932
1279,6060.563381698335,3043.6321727959134,"267.91173191994153,55.63266613053933",5732831.181685234
1280,5895.012551426853,3162.5002472289348,"267.89990027482787,55.45972755762119",15975980.97049657
1281,5686.144662301783,3312.4697083795522,"267.8851212811158,55.24155728322134",4869868.480532256
1282,5523.112811769089,3429.527757223437,"267.87369861202717,55.07127679469496",3590353.8188925753
1283,5357.523617997515,3548.421520761751,"267.86219647854927,54.89833461310101",4243284.108176454
1284,5191.92576998673,3667.321099112304,"267.85079263594736,54.72539122534378",4377064.600742112
1285,5028.868766221348,3784.3960356196812,"267.839658861243,54.55510748323835",4291061.502317798
1286,4863.258613344219,3903.3038980543156,"267.82844581060687,54.382162044632935",7167271.82602291
1287,4700.192380286965,4020.3850765606344,"267.8174971339084,54.21187619100523",3960042.0008145766
1288,4534.575892871915,4139.297256701187,"267.80646933221277,54.038928625918324",4531771.809945852
1289,4325.643275000898,4289.3103163128635,"267.79268742856965,53.82074714033646",4441123.874998216
1290,4160.027047127091,4408.222437878428,"267.7818642451896,53.64779726545456",4151705.006224812
1291,3996.9612938797954,4525.303508101843,"267.7712938960387,53.47750714116797",3876142.709555256
1292,3831.3518560835582,4644.211209166732,"267.7606448103252,53.30455533642866",3828623.478724535
1293,3668.295780680547,4761.285936189732,"267.75024343761254,53.134263326927346",4239611.914310395
1294,3502.6991033421864,4880.185250404358,"267.7397635266137,52.96130950991378",3746922.4640022228
1295,3337.111309833173,4999.078698042067,"267.72936706251664,52.788354847824294",3269397.5018742485
1296,3174.0810623656757,5116.136385282911,"267.7192109187945,52.618060063371836",3728939.239092983
1297,2965.215552535246,5266.105309834746,"267.7063131402973,52.399868555251814",3974489.3164262986
1298,2799.666868012002,5384.972900441178,"267.69617950937504,52.226910816987626",3800583.305446545
1299,2636.680227798449,5502.001725059647,"267.6862785662046,52.05661323989358",4104356.0223646816
1300,2471.1636441626893,5620.8480494145315,"267.67629981698184,51.88365384445182",3981009.488071291
1301,2308.211330137253,5737.854140760407,"267.66654925685634,51.71335436283656",3617689.89753493
1302,2145.2785582383035,5854.847267366025,"267.65687179668737,51.5430542496884",3558154.952858969
1303,1979.8212459896986,5973.654301374025,"267.64711691743315,51.3700923126203",3606097.7213885216
1304,1816.9317822959315,6090.618719402119,"267.6375837798007,51.199790361421286",3644753.4634249867
1305,1609.827748230644,6242.611879500536,"267.6212507105082,50.98168238681465",3887281.157311573
1306,1446.9947512629064,6359.538840927466,"267.61189231167896,50.81137827992853",4415681.2905311575
1307,1284.189120846781,6476.447633261392,"267.60260185290826,50.641073599385564",3931824.2409916725
1308,1121.4121440814433,6593.337410656284,"267.59337842355654,50.4707681567805",3613116.551795047
1309,958.6651079863127,6710.2073274000195,"267.58422112858455,50.30046176353771",4928118.6749559045
1310,795.9496783204468,6827.056265879879,"267.5751291093096,50.13015462744272",3644089.2219046447
1311,633.2673310931286,6943.883244817547,"267.5661015109156,49.95984675785994",3757446.423820017
1312,470.6199207196605,7060.687011263799,"267.557137513716,49.78953856052873",4530207.282749534
1313,8292.775502796489,1234.2470199531167,"268.40641435365086,58.06234018864365",17123156.528993916
1314,8130.122179662786,1351.052189132056,"268.3917204370702,57.892113676008904",14853136.203388512
1315,7967.434163175201,1467.8805079957074,"268.37716489980215,57.72188505732752",3756413.9777497738
1316,7804.713307676457,1584.7307235337962,"268.36274557657583,57.55165475564814",3724965.6927020703
1317,7641.961089093191,1701.6018544127655,"268.34846031345063,57.38142279712638",4190412.001786014
1318,7477.616367681066,1816.3369747059837,"268.33921070154247,57.211070300617976",4468117.682591458
1319,7314.806033054038,1933.2468574390023,"268.3251656568182,57.04083582883109",4045622.7132327207
1320,7151.968575310968,2050.1748459786877,"268.31124865290025,56.87059957250943",4700049.193740682
1321,6943.296283213162,2200.0133779718217,"268.2936014853303,56.65248229987277",4001543.788739118
1322,6780.402910788131,2316.978683399533,"268.27996924435564,56.4822425142833",3864363.2386363666
1323,6614.94187803103,2435.7865535290184,"268.2662485595505,56.309341342526466",5624024.978079954
1324,6452.005688265119,2552.780439213613,"268.25285971568593,56.139098736826874",4967994.9265958965
1325,6286.504024781631,2671.6154465844684,"268.2393824218483,55.966194545749104",3387650.2485234924
1326,6123.530641296831,2788.634191252757,"268.2262295489548,55.79594881350705",4954244.853672004
1327,5960.541317224808,2905.6635827065793,"268.2131911159305,55.625701858912144",5542824.128193392
1328,5794.990155954771,3024.531683693389,"268.2000643033384,55.45279321753834",15406384.254776333
1329,5584.559057230365,3172.3454433913444,"268.1883313074872,55.234546879541305",4579621.058948105
1330,5421.52692350775,3289.4034867864757,"268.1756386231085,55.064295763237496",3381206.1579668843
1331,5255.937463543408,3408.297230534527,"268.16285759978655,54.891383158207915",3748219.9591620136
1332,5090.339370928513,3527.196774723314,"268.150185757329,54.71846909427226",4058921.2785308594
1333,4927.282147415808,3644.271663548774,"268.13781397492505,54.54821398153335",3846017.171510523
1334,4761.671792781677,3763.179463287165,"268.12535406511415,54.37529737613677",3738922.0840651295
1335,4598.605382165667,3880.2605660082,"268.1131878918547,54.205039675895264",3344895.680935908
1336,4432.988735841471,3999.1726549023433,"268.1009337602102,54.03212046763936",3846762.712908592
1337,4224.055948298976,4149.185578873379,"268.0856192124608,53.81397442074092",5377703.962330614
1338,4058.4396103425624,4268.097576641156,"268.0735923780157,53.64105237648177",5046858.472007629
1339,3895.3737697997785,4385.178510903064,"268.0618464641996,53.470789432652694",4048813.962999165
1340,3729.7642647667813,4504.086059590984,"268.0500130261578,53.297865010799015",3831454.000964231
1341,3566.7081442536723,4621.160622506973,"268.0384548209871,53.12759974718108",3841428.986233053
1342,3401.1114425212236,4740.059755753574,"268.02680931299005,52.95467287796147",3644145.3358983416
1343,3235.5236462040743,4858.953008013319,"268.0152565039665,52.78174494904769",4431457.768932117
1344,3072.4934170605493,4976.010488800232,"268.0039707172186,52.61147627977079",7986596.8014807245
1345,2865.1908157623106,5128.134874925264,"267.98528020399283,52.39342394793838",4616037.670339443
1346,2699.6421975531234,5247.002227222537,"267.97403670581804,52.22049184519353",6625600.432607366
1347,2536.655643392817,5364.030803327027,"267.9630513550405,52.05021931492102",4308232.99711991
1348,2373.6852937764697,5481.048655098743,"267.9521493307057,51.87994554407242",3855019.8953689155
1349,2208.1869817775646,5599.882676279081,"267.9411611066249,51.70701034772526",3661003.105796053
1350,2045.2543580371603,5716.875512855092,"267.93042364518317,51.536734715861236",9143877.549670795
1351,1879.7972173370927,5835.682238207941,"267.9196002616736,51.36379745585855",3635908.9268842973
1352,1716.9079433011366,5952.646338451383,"267.90902288620504,51.19351962071327",12557007.988176076
1353,1508.2412883743004,6102.483213232546,"267.89558422859045,50.97534993157087",5971425.053600725
1354,1345.4085318122352,6219.409820139215,"267.8851828734011,50.805069890152275",4104394.1897057565
1355,1182.6031627010475,6336.318243965949,"267.87485700938026,50.634789100290654",3378033.855474741
1356,1021.3893515438353,6455.363521217632,"267.86043339607846,50.46460870911058",3917110.4723989842
1357,858.6426139748446,6572.233047713109,"267.85027119223844,50.29432548285543",3810882.220683049
1358,695.9275034031107,6689.081582172135,"267.84018140863043,50.124041348526994",4275032.412777884
1359,533.2454958343942,6805.908143316659,"267.8301630972178,49.95375631765145",5304062.677482435
1360,370.5984456791557,6922.711478198842,"267.8202153489324,49.783470798040895",5337810.345597106
1361,8192.76078707534,1096.2768200575156,"268.72729333940805,58.05416536500066",5260766.958198027
1362,8030.106831318884,1213.0821939685566,"268.7111500684448,57.8839758263982",15363103.214053592
1363,7865.855488578891,1327.7549714622191,"268.700126182783,57.71365119863574",10326724.816639055
1364,7703.134032273096,1444.6053671364525,"268.6842622380086,57.54345777449851",3493700.8547855844
1365,7540.381233785917,1561.4766643117118,"268.6685457136797,57.373262350925856",3485738.114854799
1366,7377.598758806498,1678.3677453139412,"268.6529743095459,57.20306515704988",5813082.459388465
1367,7214.787894275143,1795.277764375458,"268.6375457365718,57.032866025096766",4461806.236195092
1368,7051.949927216425,1912.2058755967992,"268.62225775279813,56.86266478666305",5574075.069743199
1369,6843.277012651974,2062.0445448214346,"268.60287205119295,56.64459191804646",3519392.3809798765
1370,6678.820344919754,2176.8541433210876,"268.59270718178635,56.47425781558412",3696460.9323557303
1371,6513.35885657824,2295.6620935116925,"268.57761354655474,56.30139173353074",4694913.687853379
1372,6350.422239320403,2412.656044030273,"268.5628848983929,56.131183369064274",3857294.2579410784
1373,6184.920163079891,2531.4911030280937,"268.5480588904745,55.95831364560862",4807263.990999609
1374,6021.946394274428,2648.509884522046,"268.53358971292886,55.788101551466255",4249435.436050599
1375,5858.956705806784,2765.5392988976073,"268.5192463735436,55.61788794245476",3928196.1319622616
1376,5693.405195865798,2884.4074089272945,"268.5048057549761,55.44501287284894",3651434.507110146
1377,5484.536510422784,3034.3768743446867,"268.4867677328001,55.226921921281985",7847678.4490629025
1378,5321.504085748059,3151.434895003724,"268.4728260577345,55.05670274157032",4138947.4614549065
1379,5155.9143513775925,3270.3286016259226,"268.4587873014829,54.883822295532404",3923424.1713311756
1380,4990.316005612509,3389.228094540964,"268.4448684215351,54.71094011599226",4292064.665306504
1381,4827.2585536127535,3506.3029190539123,"268.4312790842142,54.54071613275896",4051903.077790261
1382,4661.647988014591,3625.2106394269713,"268.41759290057496,54.36783087871552",4392361.445586129
1383,4498.581390448724,3742.291650167598,"268.404229318161,54.19760379082942",4054384.880629659
1384,4332.964575346725,3861.2036315879604,"268.39076907662655,54.02471541633919",5167512.658097111
1385,4124.031605206624,4011.2163997639327,"268.3739471370532,53.8066079039254",5496393.037399986
1386,3958.4151465435257,4130.128258008776,"268.3607364690144,53.633716121690036",5840389.245300181
1387,3795.3492079180496,4247.209041042367,"268.3478343335604,53.463482733099205",3551740.768966883
1388,3629.739624360532,4366.116422067572,"268.3348360188633,53.29058808677816",5112559.617890017
1389,3466.683447296155,4483.190806042117,"268.3221399928452,53.12035190620465",5043512.0958079975
1390,3301.0867092173817,4602.089743473569,"268.3093480320402,52.947454339756874",3829037.3319576643
1391,3135.4988978046226,4720.982785728662,"268.2966578590118,52.77455548041206",4265894.972884414
1392,2972.468674559057,4838.0400458751465,"268.28426096103544,52.6043152088567",31745572.273099795
1393,2763.603256445281,4988.008382677557,"268.26851744745903,52.38619292938345",4852626.725707499
1394,2598.0546930512764,5106.875475028194,"268.2561478842309,52.21328958329492",5759830.937638012
1395,2435.068213942572,5223.903781094689,"268.2440622893356,52.04304514946295",4424604.794664332
1396,2272.0979602921534,5340.921348844784,"268.2320683343223,51.87279926196085",3671201.395939316
1397,2106.599767163237,5459.755067251318,"268.21997951375715,51.699892169447715",3700181.626189827
1398,1943.6672815367256,5576.74759161563,"268.20816654163707,51.5296440000753",9135082.692593612
1399,1778.210302508082,5695.553985560711,"268.1962590104194,51.35673442233394",3395903.905817483
1400,1616.8841087502647,5814.673610386955,"268.18038269794414,51.18659697924744",18610573.764295664
1401,1408.217711413483,5964.510035771333,"268.1656185493246,50.9684611077017",11782013.604693497
1402,1245.3851793669137,6081.4362762153005,"268.1541912492386,50.79820724068555",3717616.2511658804
1403,1082.5800553433087,6198.344319802457,"268.1428468597474,50.62795243525377",7124178.5460783765
1404,919.803626435666,6315.233320685118,"268.1315842703965,50.45769650788391",3941285.7226536865
1405,757.0571796572158,6432.102433149669,"268.12040238973674,50.28743927479974",3754438.6961277635
1406,594.3423807590234,6548.950539583941,"268.1093001706716,50.11718094839117",4115523.719930416
1407,433.2235183244911,6667.932488855276,"268.0941524326683,49.947031644065696",4855044.514512651
1408,270.576816253385,6784.735374876555,"268.0832218022717,49.77677115919804",4196178.428302695
1409,8062.076328819587,921.3277991737787,"269.13791575212014,58.039907782873705",1236345.7893303987
1410,7899.420998123908,1038.133774605185,"269.1199214264422,57.8697706361701",7264772.491527897
1411,7736.731044068138,1154.962853353023,"269.1020963440477,57.69963054329554",4636604.108437178
1412,7574.988434534848,1267.8320678139416,"269.08965469084285,57.53199923963406",4863948.667784957
1413,7412.234886765481,1384.7035493169378,"269.072135675136,57.361854859928805",3347420.8836452467
1414,7249.451688881996,1501.5947971885757,"269.0547783128813,57.19170823923378",3637364.905600029
1415,7086.640127826629,1618.5049656523674,"269.03758005627503,57.021559217181455",6984568.705047075
1416,6923.801490626183,1735.4332088001952,"269.02053840986014,56.85140763262298",3948307.6131075886
1417,6712.582665838949,1887.0995188887996,"268.9986668592798,56.63073900113985",3351247.0940196626
1418,6549.688055034254,2004.065109176182,"268.98197588908954,56.46058231968689",3394187.8553072605
1419,6385.208404346024,2118.8897390949087,"268.97022030580416,56.29028041558389",3276930.428492528
1420,6222.2712300984285,2235.8837460062277,"268.95380414128397,56.12011988672444",3742151.9529890046
1421,6056.768615181586,2354.7188443456807,"268.93727936775286,55.94729831558185",7678325.946439376
1422,5893.794342589178,2471.737646912158,"268.92115221957425,55.777133215305305",11720082.146816274
1423,5730.804176732789,2588.7670648258027,"268.90516524108153,55.60696619191031",4198477.509936758
1424,5565.252208964379,2707.6351604939828,"268.88906974822044,55.43413802432259",5287243.68850843
1425,5356.382984800334,2857.604581971209,"268.86896447170665,55.21610565948359",4842983.000845883
1426,5190.802752873278,2976.491596106639,"268.8531831602051,55.04327283335332",3738634.535375117
1427,5027.760065975982,3093.5561817858206,"268.837777065392,54.873096914307055",3269982.861063447
1428,4862.161378016428,3212.455583430991,"268.82226275428184,54.70025994393673",3579756.834521559
1429,4699.103615695024,3329.530300364836,"268.8071156830493,54.5300800998662",5675185.101241996
1430,4533.492761950301,3448.437893481597,"268.79186058862916,54.357239299903945",3717453.7287838636
1431,4368.863069477577,3563.3630368105732,"268.78150927549353,54.18691991079785",3867853.6757430146
1432,4203.246017296959,3682.274852796554,"268.76648707638844,54.014075819516904",4003068.5087053333
1433,3994.3127873931344,3832.287386059259,"268.74771297777914,53.79602365051386",6352289.64832838
1434,3828.6961539869335,3951.1990373084245,"268.73296915392507,53.623175331121466",4944258.126552038
1435,3667.1929183954726,4070.4353336877075,"268.7141041157873,53.45311774227069",4483602.83616167
1436,3501.583216361125,4189.342474332333,"268.69961531795195,53.28026531765707",4402113.829022841
1437,3338.526949244072,4306.416603868045,"268.6854634087553,53.11007037714525",7132028.161454182
1438,3172.9301467207865,4425.3152648469995,"268.6712045014728,52.93721436263605",4111292.8539501717
1439,3009.889677492288,4542.378979398865,"268.6572757615095,52.76701603269445",3749024.497016448
1440,2844.3120647869073,4661.264964744074,"268.64324033526043,52.59415672241973",12509973.48723659
1441,2635.446672354131,4811.232881316407,"268.6256911662275,52.376085583290745",5122021.021252457
1442,2469.8981600906645,4930.099619984876,"268.611902848288,52.203222418039864",3880749.36203674
1443,2306.9117579128047,5047.127560031528,"268.59843101470403,52.033017242814374",3890297.947431344
1444,2143.9416075711288,5164.144744116813,"268.58506127950994,51.86281031642875",3485296.4795414964
1445,1978.4435463610062,5282.978054801254,"268.5715857443081,51.689942493380244",4148623.7078366554
1446,1815.5112172008794,5399.970159928753,"268.5584176494229,51.51973269757947",3494081.7656470663
1447,1654.1624992157695,5519.104412561189,"268.54109345030906,51.34964808340661",3815691.6911477335
1448,1491.2734409067884,5636.0678267909425,"268.5281363017602,51.179434838592705",3567147.32927105
1449,1280.062350399463,5787.731106353501,"268.51147418997203,50.95868729180089",3512392.4737035534
1450,1117.2300883313915,5904.656852044148,"268.498733947055,50.78847054912883",3613454.841268463
1451,954.4252606356822,6021.564383219403,"268.4860860959923,50.618252598820916",3659322.5220200857
1452,791.6491544009259,6138.452854029679,"268.4735294000269,50.44803326095488",9576851.664438367
1453,628.9030566359024,6255.321418759846,"268.46106264355365,50.27781235529314",4991140.462235065
1454,470.29365591194255,6372.499188192531,"268.4447392557812,50.110373128636084",3857866.3128091055
1455,307.6118484700546,6489.325082915377,"268.4324629642556,49.9401490968166",8830988.422333421
1456,144.96502226231314,6606.127735262535,"268.4202730813135,49.769924146663776",5618349.057450635
1457,7962.062720012293,783.358240463589,"269.45840977986137,58.02997814052304",307258.129511647
1458,7799.406729545718,900.1643808870431,"269.4389716514528,57.85988584653067",3261443.8876722357
1459,7635.153379775459,1014.8378054883283,"269.42467777446524,57.689630382910835",5171111.633051006
1460,7472.430028351135,1131.688874329997,"269.40558009372404,57.51953251175759",15789775.515915308
1461,7309.675404770513,1248.5607982777938,"269.3866596374082,57.34943175518389",4908125.504612571
1462,7146.89117473399,1365.4524596363362,"269.36791364465944,57.179328356100605",4054358.3392324625
1463,6986.622825979586,1480.536113037676,"269.34962828904247,57.01188013745489",8309202.65419001
1464,6822.220850143409,1595.3086418515559,"269.3360736402027,56.84161454579608",3673631.6526500825
1465,6611.001349408751,1746.9750407828597,"269.3124211299844,56.62100132005249",3840220.76210552
1466,6448.106241416208,1863.9406836568005,"269.29437093590275,56.45088692146351",3866139.9647248806
1467,6285.188947709952,1980.9211483261101,"269.276481564497,56.28076970059433",3559404.7284235875
1468,6122.251325029103,2097.9151795629955,"269.25875060728174,56.110650093093525",3684466.0130714695
1469,5956.748275758879,2216.7502886179395,"269.2409022533602,55.937869714636264",4133683.1558302636
1470,5793.77359625848,2333.769087953655,"269.22348328768237,55.76774481641578",3818916.22258102
1471,5629.220190050163,2448.642693390577,"269.2109184873179,55.59746584237691",3849081.1293625147
1472,5463.66784513286,2567.5107572478673,"269.19351341421896,55.42467845039456",3499040.162680419
1473,5254.798175973129,2717.4801181314206,"269.1717721907377,55.206697020131806",4551780.662905381
1474,5089.2176157143995,2836.3670680072632,"269.1547066779229,55.03390417485778",3624258.7711192416
1475,4926.174626627157,2953.4315763876302,"269.1380468381402,54.86376728657064",3570414.016939333
1476,4760.575653176044,3072.330885273572,"269.12126989920677,54.69096962160186",3460687.7466507307
1477,4597.517630845764,3189.4054968367764,"269.1048900145284,54.52082815299149",4156547.9627482425
1478,4431.9065344492465,3308.3129686734424,"269.0883932419357,54.34802600261963",5531451.169174946
1479,4268.839461948444,3425.3937029276617,"269.07228517132626,54.17788006049297",5699667.988551868
1480,4103.222212932382,3544.3053712610918,"269.0560604433124,54.0050734196251",5267254.387661466
1481,3894.288765028652,3694.3176980447042,"269.03578337983805,53.78706805511657",4723670.240238456
1482,3728.671982847108,3813.2291695961494,"269.019859161512,53.614256493043435",4781526.104411557
1483,3565.605773370521,3930.309540070555,"269.00430671570166,53.44410145191414",3933130.718291951
1484,3399.9959631625475,4049.2164697696753,"268.9886382003424,53.27128573790872",4454287.37487843
1485,3236.9396106190507,4166.290377529758,"268.9733339433152,53.10112665477449",6069307.763942085
1486,3071.342742745271,4285.188798968441,"268.95791391538756,52.92830676909544",4395960.518419343
1487,2908.3022302512722,4402.252263582683,"268.94285088266867,52.75814373174525",3701662.4350126963
1488,2742.724595011299,4521.13798077891,"268.92767241796577,52.585319984707986",3727359.7949968907
1489,2533.859204920714,4671.105538499573,"268.90869397207973,52.367293312456965",5071365.1475174725
1490,2368.3107189021994,4789.97197640223,"268.8937826139561,52.19446508501415",3745410.8602222125
1491,2206.887272082699,4909.1554597203885,"268.8748945131478,52.024433434589334",3794820.4240588457
1492,2043.9171886070794,5026.172324704186,"268.8604524712764,51.85425984471289",3710755.1359119182
1493,1878.4192163721978,5145.005297200393,"268.8458960933335,51.681425622246024",9110910.038713142
1494,1715.4869955558543,5261.997055456093,"268.8316717661729,51.511248660694555",4884377.743664746
1495,1552.5755035714492,5378.975079209078,"268.8175532322523,51.34106976542707",4374383.905431727
1496,1389.6865971819534,5495.938113289325,"268.8035391021906,51.170889355639254",3796231.487771103
1497,1178.4757348055919,5647.600878993484,"268.7855177076798,50.950184033056544",3464947.1012793286
1498,1017.2065667148281,5766.682108185871,"268.7675387155547,50.78013494146926",3447803.904058384
1499,856.9456057470425,5881.762658361049,"268.7540875749464,50.61260775259997",4066662.7278769664
1500,694.1692770800346,5998.651001352959,"268.74052060050946,50.44241975256047",3720740.207797863
1501,531.4229543649517,6115.519439812384,"268.72705076975717,50.27222996031535",3596296.088091565
1502,368.7083033470899,6232.366856122437,"268.71367682361847,50.10203859455505",3653002.471061056
1503,207.58967444233258,6351.34820016701,"268.6962760962214,49.9319783697978",10879799.476765243
1504,44.94316830459047,6468.150364424704,"268.683105525018,49.76178381997758",4588424.821108234
1505,7862.0494914711235,645.3887414947603,"269.778723624971,58.0192801480288",0.0
1506,7697.83009049029,760.0392248649905,"269.7628253364231,57.84906367702396",2467998.900639516
1507,7535.138835753324,876.8685910447894,"269.7421199022617,57.67901662989296",4283389.342172145
1508,7372.414853508377,993.7197800977278,"269.7216077417315,57.50896620521278",15175652.671892416
1509,7209.659619696733,1110.5918106538647,"269.70128580757796,57.33891245582986",6364885.385793423
1510,7045.3121387031115,1225.3279274946453,"269.68604379117795,57.168686046481604",3971263.6240349496
1511,6882.499011125775,1342.2385609589437,"269.6660719605124,56.998626746935834",4168595.872243544
1512,6719.658871986381,1459.16722628982,"269.64628175473905,56.8285640700482",6793243.246354506
1513,6510.9833074035105,1609.0065173093853,"269.6211865600428,56.61066690705983",4122883.474691889
1514,6348.087697762336,1725.9721945542533,"269.6018003400822,56.44059735614564",3736830.3250931124
1515,6185.169923006668,1842.9526799447267,"269.58258673956084,56.2705245842204",8274183.784051544
1516,6019.685733102635,1961.7748853948697,"269.56324694951564,56.097791532605406",4727240.635232991
1517,5855.165508208433,2076.6260255116717,"269.5491139770302,55.92754852779817",4948959.116644992
1518,5692.19040314492,2193.644803908297,"269.5303851639898,55.75746761282351",3573081.573523581
1519,5526.6525487699155,2312.5028657083953,"269.51153011978437,55.58472641999741",643971893.9309351
1520,5363.646717785699,2429.5421849679587,"269.49312651679287,55.4146399000803",96312362.31784165
1521,5154.776594962089,2579.511463930155,"269.4697770811852,55.19671249269016",3767723.169282936
1522,4989.195699124282,2698.3983328939858,"269.4514491161511,55.023962052833014",5333448.376871712
1523,4826.152400385681,2815.4627477980725,"269.4335567457316,54.853866562600885",8724393.584256018
1524,4660.55313353429,2934.3619477166353,"269.4155385247815,54.68111058733709",4603065.037480466
1525,4497.494843082145,3051.4364381687164,"269.3979466502862,54.51100982241658",3785559.414334544
1526,4331.88349546302,3170.3437729606435,"269.3802291548602,54.338248666831745",4292057.888915312
1527,4168.816196367742,3287.424358447781,"269.36292904343884,54.16814275416622",5965906.13206022
1528,4003.1987383037,3406.335861637971,"269.34550356121355,53.99537643325774",3819853.0927140615
1529,3794.2650569901725,3556.3479598791487,"269.3237257269108,53.77742145997224",8554651.9833549
1530,3628.648113815207,3675.2592342446096,"269.30662281863215,53.6046494723582",5291481.895596849
1531,3465.581766580649,3792.339396715804,"269.28991912740776,53.434533082305094",3371878.763210496
1532,3299.9718375437596,3911.2461010904085,"269.27309070168764,53.261756308362585",4213131.804171898
1533,3136.9153887548896,4028.319773133315,"269.2566534292648,53.091635260528015",5361806.808570773
1534,2971.3184442097418,4147.21794109199,"269.24009174518824,52.91885369837185",4224451.909240106
1535,2808.277876975624,4264.281142259168,"269.22391341990004,52.74872809778069",4429362.067273876
1536,2642.7002072138434,4383.166577804856,"269.2076110489219,52.575942074863335",3612655.229618477
1537,2433.8348038636445,4533.133759955613,"269.18722722904363,52.357962571755415",4581138.620516089
1538,2270.833159991195,4650.171219082288,"269.1714570518007,52.187829792006696",3502726.5812442177
1539,2105.300010106581,4769.027191078015,"269.1555634536705,52.01503657770933",3709727.9391476763
1540,1942.329982188593,4886.043714339034,"269.1400337881514,51.84489946633569",3826273.027817173
1541,1780.9410102277216,5005.20406885353,"269.12033719959294,51.674909086713306",3719063.366871987
1542,1615.4628685060893,5124.023590385948,"269.10481834716217,51.502108989105494",4869609.570140019
1543,1452.5514933547647,5241.00123624733,"269.08965272909165,51.33196518818615",4121254.9999753907
1544,1289.66272436302,5357.963878649807,"269.07459920321423,51.161819613594986",6624602.423307407
1545,1080.9965689860387,5507.798995933226,"269.0554732635034,50.943817712822934",4091595.3093653186
1546,918.1642767918229,5624.724181084441,"269.0406698182761,50.77366753882452",3716127.9425650476
1547,755.3594373273472,5741.631139269732,"269.02597363923417,50.603515674920985",3399235.7897859802
1548,594.1461089189261,5860.6747820052415,"269.0072172259274,50.433506289618016",3187972.0908620097
1549,431.40003233573134,5977.542756214036,"268.99274692160697,50.26334998289745",3769832.0685541946
1550,268.6856479893722,6094.389694476302,"268.9783795758502,50.09319186460011",3459753.1060410845
1551,106.0044318711025,6211.214615507286,"268.96411384335846,49.923031958052846",3384093.4390240926
1552,-55.078890881271036,6330.172215058904,"268.9458438670054,49.75301273542092",854390.7982811247
1553,7760.474176027123,505.26380504823464,"270.1038436382684,58.007629375023996",0.0
1554,7597.816819148107,622.0702253667332,"270.0815036204467,57.83763792982108",1824541.2395615333
1555,7435.124900980688,738.899708030478,"270.05937329826753,57.667642172262696",4479572.172321555
1556,7272.40027589483,855.750999980406,"270.03744940329585,57.497642559758106",3699769.24059306
1557,7108.081658872668,970.4673224019348,"270.02064042131343,57.32745702547518",5285289.627377975
1558,6945.296228045861,1087.3591535013989,"269.9990980812419,57.15745088633614",5182311.008683034
1559,6782.482519219962,1204.2698487819198,"269.9777528065753,56.987441062247285",4701114.084056977
1560,6619.641819428001,1321.1985623097644,"269.95660151341815,56.81742741210871",4872313.939006595
1561,6410.96556661224,1471.0378951655775,"269.9297801864971,56.59959241978034",3465082.5133279334
1562,6246.506635938347,1585.8477951970885,"269.91385998024134,56.42939276317303",6151796.829307848
1563,6083.588360322041,1702.8282839595367,"269.8933039024293,56.259368362071",10796828.86116889
1564,5918.103683148089,1821.6504786431633,"269.87261269257294,56.08668400010215",7991998.333374437
1565,5755.145835411874,1938.657389158243,"269.8524202027557,55.9166529874936",4678642.972687721
1566,5592.1702992276005,2055.676129551939,"269.83240396853716,55.74661847471916",4228117.361643102
1567,5426.632028084541,2174.5341387613807,"269.812252710802,55.57392399787363",384053975.0955804
1568,5263.625807508143,2291.5733924539877,"269.79258381835297,55.403883076418104",133108132.46758571
1569,5054.755215629885,2441.542567408196,"269.76762889952647,55.186013523131614",3425124.2730470244
1570,4889.173972011981,2560.4293379562555,"269.74804060056164,55.01330849649998",7034045.356448978
1571,4724.567600503127,2675.3379993570684,"269.73353125603387,54.843085963855465",10025767.088294072
1572,4558.968023176267,2794.237070695769,"269.7142544504271,54.670375357137615",7131964.011149784
1573,4395.909448112757,2911.311420512723,"269.69543367201715,54.500318888130195",3878532.8667630735
1574,4230.297832851389,3030.218598213484,"269.67647839813975,54.327602345635135",4953230.1160348635
1575,4067.2302913171025,3147.299014981513,"269.6579695720954,54.157539995906866",4333646.265388148
1576,3901.6126084400566,3266.2103325466987,"269.6393265211533,53.98481755445",4108291.3219061154
1577,3692.6786742985378,3416.2221760930242,"269.61602687389416,53.76691742150681",23649690.56978388
1578,3527.0615551098686,3535.1332322924927,"269.5977287289379,53.59418850284879",4565811.571679462
1579,3363.995055649563,3652.2131658876583,"269.57985761356963,53.42411417717593",3545355.8032925944
1580,3198.3849934159202,3771.1196235189454,"269.5618529598083,53.25137978246295",3887341.19595453
1581,3035.328434555796,3888.193038538851,"269.5442667161021,53.08130012951632",3385642.15116987
1582,2869.731399623032,4007.0909311584937,"269.52654728182574,52.908560276257916",3273982.467529346
1583,2708.2535523079555,4126.309530776171,"269.504849604509,52.738638407057245",4439959.743963838
1584,2542.6758357862013,4245.194667182898,"269.48742497225584,52.56589278880326",4574819.433028051
1585,2333.810403731334,4395.161451699442,"269.46563781366035,52.347963806944946",5114913.728852833
1586,2170.80876092805,4512.198584768844,"269.4487818446738,52.177870114226714",3735551.5484351213
1587,2005.2756331898245,4631.054211512635,"269.43179388473806,52.005116293459956",4167858.1939442847
1588,1842.3056478109374,4748.07038094651,"269.4151948463656,51.83501767415372",5554190.584463812
1589,1679.3538336492784,4865.0744971536715,"269.39872069242057,51.66491690628318",4662266.330802946
1590,1513.8757785007856,4983.893625308548,"269.38211519361874,51.49215589794566",8298063.080936096
1591,1350.9645096378713,5100.870869731636,"269.3658875964713,51.32205029709966",6821474.719858232
1592,1189.6387672548876,5219.9889933756285,"269.34554717826,51.15209967373731",7371439.53687853
1593,980.9728024663145,5369.823566576776,"269.3251023548618,50.93414518415792",3939861.11754546
1594,818.1406824645683,5486.748311342909,"269.3092780265591,50.76403170689411",3920138.7531097466
1595,655.3360357381953,5603.65481534611,"269.2935683023385,50.593916274289874",3864180.426893538
1596,492.5601493668146,5720.542232727578,"269.2779716503529,50.42379871640677",3632042.794775654
1597,331.37719462874793,5839.56565234474,"269.2583375130612,50.25383262910655",3371819.7240086747
1598,168.66306482109212,5956.412095291642,"269.2429780413931,50.083710129674444",3221433.0035578893
1599,5.982123769158534,6073.2365072031935,"269.22772714509045,49.91358559050102",1848487.630246692
1600,-156.66377413931605,6190.037635129413,"269.2125834466025,49.74345943389829",nan
1601,7660.462125421591,367.2948662845811,"270.42375296019253,57.995385150174826",0.0
1602,7497.804072506864,484.1013993341803,"270.39997774036294,57.825448896041316",127454.98993233923
1603,7335.111478891782,600.9309811590701,"270.37642551589374,57.65550781326724",4412835.025889141
1604,7172.386198950063,717.7823586911454,"270.35309281415795,57.4855623672732",3979065.336268518
1605,7008.06695545841,832.498754889557,"270.3348847662273,57.31541873644831",4473496.65994712
1606,6845.280910777102,949.3906441168515,"270.31195925154566,57.14546582234442",3741017.526692512
1607,6682.466608693168,1066.3013839207779,"270.2892432991123,56.9755087379924",3595106.7061227737
1608,6519.6253362401685,1183.2301283594247,"270.2667336321606,56.805547349855544",5351777.443445397
1609,6309.385587551687,1330.913687092771,"270.2430070344346,56.587588175904436",4257164.953155296
1610,6146.488930272722,1447.8793811241935,"270.2209354486604,56.41761867794359",3875788.594572823
1611,5981.024335798389,1566.6878164726932,"270.19871985237165,56.2449891593468",4727039.845933274
1612,5818.08498016547,1683.6820222211318,"270.1770408425808,56.07501183844367",8502769.025224287
1613,5655.126668700555,1800.6888911431843,"270.15555216121925,55.905030724283876",8882470.724998446
1614,5489.604017404205,1919.536110473804,"270.13391955302484,55.73238958670638",4815537.534214011
1615,5325.049151893515,2034.40971747099,"270.1175006770465,55.56221523426176",3587157.8402663395
1616,5162.04252334744,2151.448886924092,"270.096549104199,55.39222370457693",3786698.118024398
1617,4953.17143933758,2301.417933639477,"270.0699666018473,55.17441681894551",3294668.0995199117
1618,4787.5898300209465,2420.3045863190914,"270.0491005936789,55.00176098453825",4246923.853420574
1619,4624.5458706309855,2537.368760442111,"270.028730272016,54.83175785364973",4277033.117820987
1620,4458.945975309281,2656.267687545842,"270.00821644327607,54.65909488968822",4588001.136811534
1621,4295.887107904404,2773.341881531841,"269.98818779321874,54.48908493747253",3706049.1460473454
1622,4130.2752168185325,2892.2488869299978,"269.96801590439463,54.316415245282414",4026865.6924562454
1623,3967.207424462208,3009.329120219502,"269.9483190104037,54.14639864346311",3616217.9345956966
1624,3801.5895079263655,3128.240237391002,"269.92847916888763,53.97372228272123",4855160.143357103
1625,3592.6553093199473,3278.251807928752,"269.90368365107474,53.75587974183413",3600383.6226282204
1626,3427.0380045145475,3397.1626316969455,"269.88421062318616,53.583196053648365",4830150.640062581
1627,3263.971343045629,3514.2423225870953,"269.86519194563886,53.41316590383814",3952870.0106365164
1628,3098.3611373469503,3633.1485196504445,"269.8460310575272,53.24047601602258",3643978.506478147
1629,2935.304457977338,3750.221664251948,"269.8273153555006,53.07043983658025",4444179.9926648615
1630,2769.707321722435,3869.1192681475486,"269.80845781575897,52.89774378696975",3543549.290591065
1631,2606.666607543651,3986.1818859773425,"269.7900366033982,52.727701721261575",4113428.5153630506
1632,2441.0888310052073,4105.066700673744,"269.77147397494866,52.5549998754313",3695536.6853169734
1633,2232.223353988406,4255.033058763209,"269.7482637780963,52.33712562631019",6480253.78606423
1634,2069.221699926912,4372.06984305568,"269.7303067574501,52.167074279326144",5321460.518686247
1635,1907.7980677411606,4491.252483054294,"269.7081730413033,51.99719091564743",4837777.070382055
1636,1742.2815308216436,4610.096772512058,"269.6902291291652,51.82447616498661",6034926.196856205
1637,1579.3297676931898,4727.1005038847325,"269.6726951688625,51.65441612944206",6862489.945811747
1638,1416.3974843591932,4844.091321344824,"269.6552922315231,51.484353474882525",10462666.683990711
1639,1250.9406090294087,4962.896058874219,"269.6377496423762,51.311630702191835",5662785.356694529
1640,1088.052080230972,5079.857859411677,"269.62060546531524,51.14156287425222",5026095.315309036
1641,880.949188995497,5231.847771128444,"269.5946128928107,50.92382612039266",4087370.9072633903
1642,718.1172290788945,5348.77205826536,"269.5777691329502,50.753751773723664",3959083.6524635823
1643,555.3127629766941,5465.678090838123,"269.5610472918421,50.58367518894625",4943912.335912147
1644,392.53707776413285,5582.565022985119,"269.54444574080276,50.41359619989109",4988690.043014748
1645,231.35434474703652,5701.587952981703,"269.52381564146236,50.243678354332765",7439180.937316412
1646,68.64045734306,5818.433883349105,"269.50746540277567,50.07359383977023",7212350.032404365
1647,-94.04022078510934,5935.257768871451,"269.4912306801718,49.903507017521704",313935.64211720286
1648,-256.6858352554891,6052.058356598483,"269.4751100089113,49.733418313289086",nan
1649,7557.9091945495165,231.15090054500342,"270.7430466036616,57.97972075084422",0.0
1650,7395.249888770373,347.95789221940413,"270.717843136406,57.80984301335812",0.0
1651,7232.556085935959,464.7879037798248,"270.6928758421544,57.639959901068934",1731778.6147638103
1652,7068.266905395501,579.4838873388526,"270.6730676861678,57.46986534663418",4296311.03687134
1653,6908.052644452667,694.5301333813441,"270.64892150642737,57.302628066920064",5117133.682327642
1654,6745.265973910162,811.4220634364028,"270.6246158098647,57.13273166002014",4883585.067553888
1655,6582.4510665626885,928.3328304707798,"270.60053211517226,56.96283056831211",3427048.7811450367
1656,6415.502091782935,1044.9329978621631,"270.581136252697,56.79006691338205",3270992.3462445894
1657,6209.3688654989055,1192.9453058364193,"270.55121772970057,56.575024337941954",4603204.2311252635
1658,6046.471670362354,1309.9109821535776,"270.52781795115317,56.4051092483974",3717351.4140497674
1659,5881.006550712256,1428.7193855573505,"270.5042653324491,56.23253449503092",5683122.804672037
1660,5718.066698746523,1545.7135461056769,"270.48128143682015,56.062610618323575",5177149.891010861
1661,5553.545094536149,1660.5645598049637,"270.4632312768272,55.89248377993174",7055888.953959891
1662,5388.0219738456035,1779.4117040994443,"270.4402759408779,55.71989683342047",3915205.7016421235
1663,5225.02950464091,1896.4410211460054,"270.4178710907311,55.54996113762387",3457277.1524158022
1664,5062.022462304027,2013.480090279897,"270.3956590599548,55.38002126345429",3725938.021793593
1665,4853.150878232106,2163.4489884725012,"270.3674771369253,55.16227991846666",4509221.594819288
1666,4687.568896553532,2282.3355074587944,"270.34535550102567,54.98967553210035",4321601.352504706
1667,4524.524591291229,2399.3995361459324,"270.323759246637,54.819722628526804",3638654.200943616
1668,4358.924365777451,2518.29830151969,"270.3020107162349,54.64711024717185",4233531.010000613
1669,4195.8651940196905,2635.372322451754,"270.28077643938377,54.47714968260648",4113989.020071835
1670,4030.253014907941,2754.279138057682,"270.25939017494403,54.304529732647715",4919031.176925999
1671,3867.184959713457,2871.3591706501297,"270.2385073788136,54.134561703083406",4345305.732888739
1672,3701.5667973121654,2990.270069942209,"270.21747290757907,53.96193426841358",4548765.100338583
1673,3492.632318837615,3140.2813454146835,"270.19118419080405,53.74415287638554",6300158.322602185
1674,3327.0148162019423,3259.1919192688547,"270.17053835562604,53.571517212547064",5278579.924394282
1675,3163.9479806954378,3376.271350241119,"270.15037412412437,53.40153396775887",5162514.293437675
1676,2998.33761931109,3495.177269255169,"270.13005900601905,53.228891336876565",3808907.5081593804
1677,2835.2808073956035,3612.250126225991,"270.1102157852465,53.05890131753239",4288359.86451142
1678,2669.683557590134,3731.1474239162408,"270.0902220761961,52.88625177897445",3439942.0796196577
1679,2506.6427523472667,3848.2097263831233,"270.0706908815071,52.71625514922713",3663722.9553315095
1680,2341.0649043825865,3967.094206699253,"270.0510096483963,52.54359908923725",3518183.2804946294
1681,2132.1993675301833,4117.060122692876,"270.0264006371467,52.3257820909712",5337381.797564411
1682,1969.1976902296428,4234.096546223067,"270.0073612888203,52.15577503836552",3390546.4416018985
1683,1806.2111517747699,4351.1229388932,"269.9884667621518,51.985765015283654",4181336.7053172723
1684,1640.6946335704765,4469.966827823665,"269.9694231740157,51.81309524221728",3548961.654110251
1685,1479.305810563933,4589.1260431034025,"269.94653681642,51.64325870275111",6197193.643144008
1686,1316.3735867421483,4706.116444715803,"269.92808357580645,51.473238980996314",8019776.005564706
1687,1150.9167928896431,4824.920745780704,"269.90948216825353,51.30055948653677",6622958.012079442
1688,988.0283650222036,4941.882102664576,"269.891303135955,51.130533954804",7529356.373998138
1689,781.907045130858,5089.8885453379935,"269.8684861716064,50.915341150911736",4462055.524527701
1690,618.0937037005788,5210.795085996875,"269.8461363069064,50.74282822982651",4191403.076578275
1691,455.28940610728387,5327.70062989359,"269.8284038649073,50.57279290342555",4020554.9420908755
1692,292.51390993117457,5444.587059555919,"269.8107989066585,50.40275487673574",4177807.0378671708
1693,132.3112002397629,5559.627620446749,"269.7935918939036,50.235370939490096",5766048.591354562
1694,-28.840080327504438,5678.629311381913,"269.7721048528709,50.06550047572776",2338993.6097115837
1695,-191.52103825039376,5795.453005466644,"269.7548858241506,49.895453754544775",nan
1696,-354.16693506455886,5912.253403266068,"269.73778770270485,49.725404870143436",nan
1697,7457.898265521038,93.1823006910472,"271.06247974159606,57.96594682650388",0.0
1698,7295.238240008332,209.989370220841,"271.035847938083,57.79613106548873",0.0
1699,7130.981022295735,324.6636522130857,"271.01441040826535,57.626090048133406",196061.7968119281
1700,6968.253887544167,441.5154819715717,"270.9882515262463,57.45626384091294",3249389.7935264893
1701,6805.495985974358,558.3878112109714,"270.96233451171605,57.28643263566441",8800388.134460062
1702,6642.708035870846,675.280202512673,"270.93665546385796,57.116595725564785",9010942.746850967
1703,6478.329136096287,790.0356093939827,"270.91606926973185,56.94653795713062",12754340.968394635
1704,6315.486456394127,906.9644984468005,"270.8908341674707,56.776691813571524",3931960.9015081436
1705,6109.352504662495,1054.9767816659241,"270.85922144265714,56.56172282587568",4491872.975154107
1706,5944.891973771429,1169.7866290509191,"270.83928663798207,56.39165252938508",4361874.305188738
1707,5779.426308267032,1288.594982062541,"270.8143790855367,56.219136641223436",5383978.801711643
1708,5616.485939932405,1405.5890790381536,"270.7900727940837,56.04927021046917",5529500.505202895
1709,5453.526657291171,1522.5958116836505,"270.7659795616601,55.87939901707002",3590760.944761117
1710,5288.003062146328,1641.4428644406876,"270.74172462232053,55.70686854063348",3693233.6283546654
1711,5125.010146549467,1758.472077593376,"270.7180511692397,55.53698796269445",3661035.560520825
1712,4959.455536900253,1877.3398651432608,"270.69421616957555,55.364448196678914",4339997.303006138
1713,4751.567855807488,2023.3241119139998,"270.6694471567334,55.14922431999221",27773264.7110031
1714,4585.985483470598,2142.210477205295,"270.64605288090826,54.976675234870704",4078071.6160442927
1715,4422.940814643765,2259.2743405506,"270.6232140591274,54.80677632097171",3813635.7616764386
1716,4257.340241296693,2378.172923761558,"270.6002140487707,54.63421831177502",3703075.3748746943
1717,4094.280748138395,2495.246751308209,"270.577757738191,54.46431083544551",4831234.6554306485
1718,3928.6682640136214,2614.153356256048,"270.5551405485517,54.29174435542658",4141239.7684033816
1719,3765.5999295769084,2731.233167393004,"270.5330556660036,54.1218285386816",3942193.7422481803
1720,3599.9815049762356,2850.143827505302,"270.51081023907034,53.94925369769886",3946889.683986948
1721,3391.046726496539,3000.1547807279894,"270.4830078853521,53.731538039140666",6852409.936918441
1722,3225.4290104396873,3119.06508287051,"270.4611731656585,53.55895400083394",4467163.395820569
1723,3062.361985865198,3236.144232247198,"270.43984765582144,53.389021178806885",4224029.771330521
1724,2896.751453855304,3355.04985097621,"270.4183624436127,53.216429349475845",4099321.1509904247
1725,2733.694495004048,3472.1223982066376,"270.3973761872104,53.04648895304661",3714639.592697799
1726,2568.0971173579655,3591.0193670161775,"270.37623065312266,52.87388941515291",3982906.2902509337
1727,2405.056207300397,3708.08133157652,"270.3555741621232,52.70394163076757",4897284.7064878605
1728,2239.478274268353,3826.9654543958004,"270.3347588724123,52.531334792722085",5747462.087491989
1729,2034.7224985890261,3977.257819777864,"270.30470519506224,52.31642791321935",3733129.6286779055
1730,1869.1737295851144,4096.122658329616,"270.2842697911373,52.14381208220634",3388366.4401246016
1731,1706.1871763916943,4213.14865924263,"270.2643029252577,51.97384857073738",4084545.70368889
1732,1540.6706642597346,4331.992136184343,"270.24417843391495,51.801225677427006",3400289.158895647
1733,1377.7189672938716,4448.995039534142,"270.22451351630644,51.63125540297123",3533420.747562298
1734,1214.7867915473316,4565.985001172694,"270.20499535451205,51.46128184102754",3667029.14986991
1735,1049.33006787867,4684.788841046335,"270.18532037572726,51.288648878157886",5103005.526370875
1736,888.0046256994065,4803.905651215983,"270.1618655628299,51.11885643010728",5358895.466754868
1737,681.8834476837847,4951.911490794037,"270.13775172118284,50.90371980372445",3707552.055648878
1738,519.0515476484097,5068.834942748408,"270.118855821446,50.733731947339685",3463141.911008073
1739,357.8096697653855,5187.896346689497,"270.09592183588325,50.563925974236774",4738960.993468521
1740,195.0336993509427,5304.782699093319,"270.0773129410447,50.39393114589087",4884564.393161041
1741,32.28838319274564,5421.648684892018,"270.0588370002497,50.2239337387882",3490446.5520182196
1742,-130.4255603446545,5538.493866745094,"270.0404921883504,50.053932999925806",67942.81909844835
1743,-291.5433997747068,5657.472972205601,"270.01816406377714,49.88411159330198",nan
1744,-454.18903777970627,5774.272795484073,"270.0000917463623,49.714104815300196",nan
1745,7357.887816133765,-44.786313263999546,"271.3816668883718,57.95140907780285",0.0
1746,7193.6643634532475,69.86502395322077,"271.35857348023467,57.78142650609745",0.0
1747,7030.9691391297,186.69514739035367,"271.3307573555509,57.611670574079184",0.0
1748,6868.241313646735,303.5470103016751,"271.3031997936242,57.44190856305529",1371444.4301284493
1749,6705.482741944796,420.4193591297826,"271.27589680001637,57.272140963448926",5140828.731769636
1750,6542.694142306293,537.3117564465729,"271.24884427296627,57.10236707790815",5312244.620240779
1751,6378.314738379709,652.0673169227948,"271.2268929260885,56.932360161305205",4411705.159773534
1752,6215.471450156294,768.9961845459002,"271.2003088374605,56.76257595636302",4394940.479848245
1753,6007.773988519751,914.852627810486,"271.1718133158353,56.547459372118276",3714391.456744719
1754,5842.3301647835315,1033.6459535926424,"271.14533996898757,56.37501035503907",4219073.552792752
1755,5679.409457570535,1150.6265016551724,"271.1195069003129,56.20520875860283",3824238.893121175
1756,5516.468568725255,1267.620518642395,"271.09390155172923,56.03540199599615",4381346.86742904
1757,5350.962353070352,1386.4555132329037,"271.0681256329555,55.86293654914144",4114845.1887028012
1758,5187.984704394202,1503.4741013642333,"271.04296882271854,55.69311902079012",3808459.3290539435
1759,5024.991330410565,1620.5031933797873,"271.0180295765988,55.52329656468542",4624435.181570846
1760,4859.436276296845,1739.3708439167776,"270.99291996366156,55.35081531947651",3642298.884865648
1761,4649.00057246532,1887.1837318683793,"270.9661942474057,55.13299881099999",62180737.432410754
1762,4485.965191742159,2004.240933609869,"270.94193038423356,54.96316089324297",4629097.310291282
1763,4322.920152848124,2121.304616796158,"270.91787072920204,54.79331805979283",10301283.243720789
1764,4157.319224731953,2240.2030030180135,"270.8936411033322,54.620816528973386",3485304.6681487756
1765,3994.2594030173805,2357.2766227997445,"270.8699840843578,54.45096419797324",4704342.441012837
1766,3828.646606279987,2476.1830027072306,"270.84615742551284,54.27845326038448",3584510.510775316
1767,3665.577984791304,2593.262578445927,"270.8228913862463,54.108591680808",3456744.25772722
1768,3499.959289727127,2712.172985439358,"270.79945606426793,53.936071473209616",3346216.529717063
1769,3291.0242003386184,2862.183599145608,"270.77016636548035,53.71842409822418",4971491.96658116
1770,3125.4062618382586,2981.093616141517,"270.747163386675,53.545893688873335",4532980.543689323
1771,2962.3390389843,3098.172470911597,"270.7246967234218,53.37601324689071",4788616.476525817
1772,2796.728326660351,3217.0777763619003,"270.702061673367,53.20347419163011",4062942.667587685
1773,2633.671211005501,3334.1500012748647,"270.67995214849077,53.03358534538443",8906484.774719309
1774,2468.0736951633367,3453.0466286502988,"270.6576746879559,52.86103775060578",7041594.509525393
1775,2305.03266976637,3570.108243160382,"270.6359123210961,52.69114070964459",3673291.9784327312
1776,2142.0019511943856,3687.1630419835215,"270.6143186086592,52.52123978631219",3889253.2026914842
1777,1934.6988881011503,3839.2840486969935,"270.5825542121551,52.30375170247607",5259352.096939666
1778,1769.1500708355852,3958.148485996603,"270.5610234182432,52.13118607825481",5853810.913851901
1779,1606.163490838724,4075.174077940899,"270.53998616026684,51.96127162392161",7452171.473213063
1780,1443.1932841979178,4192.188832389942,"270.51910769316055,51.79135322421723",4050212.6795656257
1781,1277.6952901693426,4311.01959199904,"270.49806336174964,51.61877622014134",4836813.059495823
1782,1114.763149581112,4428.009103080163,"270.4774985287816,51.44885061708999",5025195.236813604
1783,951.8518387023319,4544.984811831142,"270.4570861105687,51.278921218230494",3952132.804578475
1784,786.4182214546436,4663.772881519112,"270.4365086966304,51.10633319357309",5831205.071645022
1785,581.8600636431147,4813.934026393248,"270.40687600970296,50.89145355300059",4049839.2956614927
1786,419.0282868525828,4930.856968955461,"270.3869654913894,50.72151213332066",3743702.5508503933
1787,257.78643500043654,5049.917698625453,"270.3630266382057,50.55176224524954",4618669.118649995
1788,95.01062905144681,5166.803514273213,"270.3434174741445,50.38181315205518",4271120.448591228
1789,-67.73450213416982,5283.668949496558,"270.32394831654096,50.211861154511176",664996.0479311921
1790,-230.44824019648058,5400.513566949692,"270.3046172446213,50.041905504068104",nan
1791,-393.1287302098299,5517.3361132108075,"270.28542250437596,49.871946638558406",nan
1792,-554.2112455351144,5636.291336318205,"270.2622668792191,49.70217636329888",nan
1793,5878.647032637773,742.0637450752056,"271.56058158789415,56.52597101878816",4072881.477891491
1794,5715.747635705442,859.0294774282193,"271.53284891911045,56.35625640716081",5424587.811881099
1795,5552.82622646012,976.0099167527555,"271.505361925757,56.18653543438261",8336775.815570109
1796,5385.7758328264745,1092.6763340732905,"271.48243364856796,56.013919730280705",3872161.395861878
1797,5222.815109164078,1209.6830170710855,"271.45541068032935,55.84418782080857",4083387.0507895993
1798,5059.836829263248,1326.7014422830553,"271.4286225638572,55.67444981657682",4265366.4185216585
1799,4895.280041814161,1441.574549039664,"271.4067470665418,55.50447222443121",3838309.591128564
1800,4729.724393145466,1560.4419958136368,"271.3799888449783,55.332071360171895",5135945.304264649
1801,4520.850811825302,1710.4104084473265,"271.34656249262065,55.114572783401144",3465241.64541915
1802,4357.814913033754,1827.46737171744,"271.3207254511308,54.94481157968935",3875278.586212283
1803,4192.2216852470465,1946.3599913322469,"271.2947070074818,54.772392124722685",4097287.415571268
1804,4029.1679819815827,2063.4289071723847,"271.269304550435,54.6026198998329",6963936.314226129
1805,3866.1077217629627,2180.5022355928795,"271.24411299562775,54.4328423741619",3735481.79693548
1806,3700.494506671262,2299.408301615956,"271.218740566884,54.260406781559574",4168279.351678148
1807,3537.4254998474544,2416.487550595799,"271.19396490651087,54.09061877729217",6183703.547854782
1808,3371.8064404231673,2535.3976077360467,"271.16900875913575,53.918172683433",3755788.474283428
1809,3162.870930183723,2685.407754215195,"271.1378180084868,53.70061794088141",6742914.813612212
1810,2997.252688836718,2804.317380327857,"271.11332177882406,53.5281602847668",3976519.638991241
1811,2834.1851943650586,2921.395832488674,"271.0893964777751,53.35835090261147",3952388.718116108
1812,2668.5742331606943,3040.3007110143835,"271.0652916565275,53.185883442586196",3541469.958456709
1813,2505.5168990166376,3157.3724978156006,"271.0417462908779,53.01606453204027",4604510.147930379
1814,2342.4668232093572,3274.439502557231,"271.01838545948294,52.84624098111421",3511453.600165529
1815,2176.8779974704685,3393.329803059166,"270.9948458544935,52.67375920872104",11315361.963784324
1816,2013.8471398651614,3510.38411059914,"270.9718492477663,52.503926597210864",5905250.655474771
1817,1804.9810425971154,3660.348580776632,"270.94264308499527,52.28632192609804",3864075.4758994123
1818,1639.4321445009227,3779.212471674206,"270.91969487066024,52.11382527950213",11279143.531817323
1819,1478.0084035401778,3898.393411569283,"270.8929694600572,51.944193180903845",5779216.060109575
1820,1315.038171247793,4015.4075992109015,"270.87073272200985,51.77434084260608",6342967.268733009
1821,1152.0861959425338,4132.409675951568,"270.84866270309806,51.60448451151595",4449870.159898703
1822,988.1708406084826,4253.382438942182,"270.822162887389,51.432182191998066",9841056.386794107
1823,825.2595828875146,4370.357535306163,"270.8004382227932,51.2623165745387",5173762.980285585
1824,662.3710375955025,4487.317556681265,"270.778873498918,51.09244713687084",9042276.40086588
1825,5778.632485836476,604.095335227129,"271.8678031087621,56.51025668022137",3574161.6600262225
1826,5615.732500039915,721.0609757146503,"271.8387560520094,56.34060985754843",4848564.039216223
1827,5448.702081124811,837.7133333922839,"271.8142755237221,56.16805614926497",3736123.8212702307
1828,5285.759464476469,954.7074438051823,"271.78572252283044,55.99839667172333",3579132.3156440975
1829,5122.798213882794,1071.713993608655,"271.75741907226524,55.82873082562088",3931946.5196540803
1830,4959.819427648304,1188.7322719929407,"271.7293613681705,55.65905831409662",3762409.737607221
1831,4792.715210851831,1305.433901119468,"271.7057903875645,55.4864831595455",3559852.527029969
1832,4629.706040876722,1422.4724856103708,"271.6781975558983,55.31679902965197",3952379.3592518163
1833,4420.831893866249,1572.4406545726356,"271.6431873481807,55.09938218615653",4147461.0322929444
1834,4257.795577049704,1689.4974120699326,"271.61612581612223,54.929684162142216",3884171.786455323
1835,4092.2019457826095,1808.3898086974023,"271.5888740720159,54.75732833362283",4581250.067975382
1836,3929.147865994778,1925.4584911891434,"271.5622673080293,54.58761823187035",6090161.282667767
1837,3763.5393881819214,2044.3608659285674,"271.5354706987229,54.4152504642917",3854474.1987249563
1838,3600.4736943245,2161.4373736685175,"271.5093055346418,54.245528779551506",3698889.2584805884
1839,3437.404373056751,2278.516347986389,"271.4833547013463,54.075801374197084",5308418.917837132
1840,3271.7850153412373,2397.4261121355844,"271.4572146294689,53.90341632353341",3770342.8429434523
1841,3062.849159075493,2547.435868804296,"271.4245439160733,53.68593787809785",4526759.136063192
1842,2897.230667437826,2666.3451699070993,"271.3988851633084,53.51354014639662",3192571.9186207317
1843,2734.162947258868,2783.423288214046,"271.37382425892235,53.343789294599816",3660837.12870091
1844,2571.099597023047,2900.4985429703656,"271.3489620494617,53.174033281672806",3847776.537842409
1845,2405.49425947881,3019.3992388424867,"271.3239118665316,53.00161950202469",7721155.9917799765
1846,2242.444019982524,3136.46586826714,"271.29944172630013,52.831853107916416",3593578.874261529
1847,2076.8550490400376,3255.3557735017775,"271.27478415996586,52.65942893215917",6358455.371376118
1848,1913.8240691807314,3372.4096779807273,"271.25069522291415,52.48965259100499",4598151.3198091565
1849,1704.9578453081222,3522.3736116067935,"271.22010155509685,52.27211938769399",4036854.462621174
1850,1541.9557061967262,3639.4084379260057,"271.19643138183375,52.10233191002709",4231684.170546762
1851,1377.9850717651375,3760.417560381884,"271.1682747413097,51.93011196247203",5732721.076748626
1852,1215.0148056837252,3877.4312860112504,"271.1449803182889,51.76031404583919",5753577.63925472
1853,1052.0628171223952,3994.4328869446053,"271.12186040427946,51.59051173045131",4551023.650133381
1854,889.1302044071999,4111.42165243817,"271.09891259466633,51.42070468262801",4144301.1537131467
1855,725.2363533586577,4232.3799148654325,"271.0715452644243,51.24846160836861",6694057.274214854
1856,562.3478568898445,4349.339419071866,"271.04895348513384,51.07864495688061",8530649.89001863
1857,5676.073383726795,467.95408471985957,"272.1742922448828,56.49115946053118",3393606.494349318
1858,5513.172255759082,584.9199870366483,"272.143938584155,56.32158320480651",3492874.773832801
1859,5348.686915493055,699.7446429032698,"272.1186062488548,56.151739240600925",5587207.358496247
1860,5185.743739337354,816.7386164907257,"272.08876517205965,55.98214944471606",3448746.97123484
1861,5022.781949834727,933.7450158503289,"272.05918464155013,55.812552675380665",4413355.443241582
1862,4859.802645287604,1050.7631301628885,"272.0298606900297,55.64294864488724",5024281.276026298
1863,4694.2607243960965,1169.6203858146887,"272.000337304633,55.470687583639275",10997561.314357292
1864,4529.688284022693,1284.5029688960358,"271.97617317295453,55.300814496269446",12085138.66113075
1865,4320.813555966321,1434.470872112594,"271.93958315261654,55.08348311614208",3513331.5758405114
1866,4157.776809137226,1551.5274066132301,"271.91130022091045,54.91385115617735",3513545.983747825
1867,3992.1827622122864,1670.419562764348,"271.8828182592251,54.74156185972639",3192003.6797331683
1868,3829.128293909188,1787.487994691428,"271.8550101695289,54.57191671892269",3923785.0415359368
1869,3663.5194425801956,1906.3901009394785,"271.8270034399771,54.39961437930639",4799448.107903663
1870,3500.4534016964176,2023.466330514757,"271.79965645673553,54.22995658413283",4820159.893778475
1871,3334.8357753852033,2142.3743777267523,"271.77211123655644,54.05764150426654",4549232.039148319
1872,3171.7640857816073,2259.454466647884,"271.74521210037085,53.88797133247926",4220934.91726209
1873,2962.8278681008433,2409.4638114653385,"271.7110649112693,53.670572674544985",3686881.1266611735
1874,2799.7570723813346,2526.5434162577303,"271.6846572855696,53.5008889593386",3626959.821958586
1875,2634.1411560634147,2645.4505373427546,"271.65805245903306,53.32854796721567",3926433.0296714916
1876,2471.077588664984,2762.5254273041005,"271.63206606475114,53.15885268143012",3952924.8610920096
1877,2305.4720516102434,2881.4257386085055,"271.60588301093986,52.986500090981934",10402331.64196366
1878,2142.4216363907985,2998.4919755192414,"271.58030605184337,52.81679347204243",4082262.0417515147
1879,1976.8325080172444,3117.3814680210644,"271.55453301020657,52.64442953209716",4264478.827545522
1880,1813.8013938591298,3234.434952242106,"271.5293541493482,52.474712040355996",3515188.239250508
1881,1604.9350279412834,3384.3983272824953,"271.49737600137297,52.25725358137973",3557345.095849037
1882,1443.495684537852,3503.588614301243,"271.4683201630902,52.08776039216436",3705683.8721006946
1883,1277.9620952898113,3622.4413596014906,"271.44340075297214,51.915372556571675",3919918.3141549393
1884,1114.9917833488544,3739.4546060175035,"271.41905088360124,51.745631560477",3421802.1516273245
1885,952.0397694543972,3856.4557139406925,"271.3948832765328,51.57588574160783",4718962.1443536915
1886,789.1071519274228,3973.443972620978,"271.3708954223778,51.406134772093445",3545672.613642704
1887,627.7585569328185,4092.5739175908097,"271.34285295636425,51.23661086730659",3730983.0223034397
1888,464.86954364863595,4209.533264978949,"271.3192334726121,51.06684930713557",4167247.899779103
1889,5576.059855794778,329.9854069569592,"272.48096964269234,56.473980466615636",3475130.383249619
1890,5413.158115337834,446.95118266049576,"272.44930911183366,56.30447815814963",3565781.8411019654
1891,5248.672308494886,561.7758573391338,"272.42267665921065,56.134696175411456",7782029.5481605865
1892,5085.728560859758,678.7696768469968,"272.3915511190321,55.965179085851815",6125364.461395681
1893,4922.766220474851,795.775908514529,"272.36069705482487,55.79565439275923",4084155.416165155
1894,4757.239844530219,914.6222268054162,"272.3296345478882,55.623472965295285",3659350.1571087902
1895,4594.243947254683,1031.650899064602,"272.2993153190636,55.453932702970356",35957104.50501944
1896,4429.671026050113,1146.5332703934441,"272.2739057823738,55.28411874283653",20076361.71784643
1897,4220.795701596704,1296.5008857922776,"272.23574016337733,55.066876539587575",4678014.803400955
1898,4055.2109331798224,1415.38626959583,"272.2057800628824,54.89466399010865",4458774.422589325
1899,3892.1640380138824,1532.4490782620042,"272.1765300882804,54.72509364391522",4111272.156560583
1900,3729.1091692056366,1649.5172424101256,"272.1475237805916,54.55551628962077",4322521.524208757
1901,3563.499932180096,1768.4190626868576,"272.11831003103606,54.38328222475166",4744216.255032445
1902,3400.433532273485,1885.4949968897618,"272.0897842272423,54.213691099871674",4308948.685980613
1903,3234.815562390712,2004.4027300893563,"272.0610514088079,54.04144317743821",3927017.7841912536
1904,3071.743555235647,2121.482496012496,"272.03299230591784,53.87183859158852",4187268.30806147
1905,2862.8069607539337,2271.4914069411125,"271.99737227649433,53.65452319716797",6447192.98069878
1906,2699.7358944049474,2388.5706574324086,"271.9698253922585,53.48490387755201",5417490.770345511
1907,2534.1197242765998,2507.477404622938,"271.94207258751027,53.31262776540862",7693726.804662297
1908,2371.0559276928784,2624.5519125938426,"271.9149646953416,53.14299585484372",4647036.248323052
1909,2205.4501789121196,2743.4518218674134,"271.8876514529672,52.97070712259059",3329917.194694899
1910,2042.3995759366285,2860.517649070233,"271.86097027116216,52.80106288687715",4663698.830151687
1911,1879.3577714095718,2977.5776690144135,"271.83449637841704,52.631412687625144",3385786.8053692076
1912,1713.779017404836,3096.4597581462776,"271.80781807090017,52.459105738405235",3803071.1287744693
1913,1504.9124940019983,3246.422552570799,"271.77445859682985,52.24172528776899",3425016.4926035977
1914,1343.473046711938,3365.612378750293,"271.74433684323304,52.0723027628954",3835329.8586100684
1915,1180.4857773879244,3482.6363261102742,"271.7187382846434,51.90262680083597",3408102.373102018
1916,1014.9690077499708,3601.477384007032,"271.69293688399915,51.73029413814194",4155236.031677693
1917,852.0169564453427,3718.4779817207454,"271.66772388018165,51.56060728746648",29228065.191116773
1918,689.0843220227234,3835.4657163865595,"271.64269824047295,51.39091485026323",4834366.746307238
1919,527.7356107578053,3954.594972290767,"271.61362865360104,51.221459141483614",3804751.775180369
1920,364.8466217800287,4071.5537683078337,"271.5889862752114,51.05175522138516",5004766.516180633
1921,5476.047162852699,192.01697543957926,"272.78736754443185,56.456070356773836",3716255.004420998
1922,5313.144797943476,308.982607264501,"272.7544040457404,56.28664505641025",3494028.9953909796
1923,5150.220905508098,425.96260396867547,"272.72173139314214,56.11721124816488",5507662.923676963
1924,4983.167633106883,542.628607157445,"272.6935658462776,55.944839041131424",3603355.3249428873
1925,4820.204448436799,659.6348419432106,"272.6614463143589,55.77538927816306",4096795.6635666257
1926,4657.2240027439975,776.6526128452533,"272.62960480149,55.605931187568814",6792306.096331131
1927,4494.227584123584,893.6810727098582,"272.59803713940084,55.436464695782476",5380022.8654523445
1928,4329.654170423708,1008.5632148265772,"272.57138552932787,55.26671279142353",3813279.9012041804
1929,4120.778234226809,1158.530520337884,"272.53164869517985,55.04956346131665",4998114.1548062125
1930,3955.193004902364,1277.4156425716697,"272.5004548656454,54.877423823065286",5296070.159294736
1931,3792.1456766635874,1394.4781799203597,"272.4700001330959,54.707924664648075",4737158.109224496
1932,3629.090395363368,1511.5460590771818,"272.4397988404149,54.538417909680334",4325267.299651792
1933,3463.480760463749,1630.447575905126,"272.4093812961548,54.3662549536231",3911276.9789970294
1934,3300.413989540574,1747.5231975300321,"272.3796797914479,54.19673326745342",4072942.140305039
1935,3134.7956639012536,1866.430599245794,"272.3497624874996,54.02455529204442",3251626.2846225537
1936,2971.723327193207,1983.5100249708585,"272.3205464291837,53.855019017360206",4238823.748821388
1937,2762.7863405275175,2133.518479976273,"272.28345734181886,53.6377903475138",6172645.827824926
1938,2599.7149915377313,2250.597358971098,"272.2547740933819,53.46823810124285",5623767.007035073
1939,2434.0985553950727,2369.5037148045903,"272.2258761993786,53.29602956784269",9743319.433165533
1940,2271.0345176050987,2486.5778235925027,"272.19764960508945,53.12646366950613",5941550.412796148
1941,2105.4285448841993,2605.4773133749877,"272.1692089651723,52.95424145338423",3807973.2372781048
1942,1942.3777421212499,2722.542713678949,"272.1414262620797,52.78466219824432",4665553.404485096
1943,1779.335758349354,2839.6022929634105,"272.1138591988178,52.615076478324106",3694190.5538436794
1944,1613.7568433213196,2958.483920458391,"272.0860790723896,52.442834509913766",4355787.056885371
1945,1404.8901469948419,3108.446112241246,"272.05134155437185,52.225535318587845",3472028.8086585966
1946,1243.4505834496945,3227.635460617873,"272.02015652371256,52.0561859612377",3793958.3123794976
1947,1080.46322328725,3344.658908383127,"271.99349938350514,51.88657236241199",4454266.946474516
1948,917.4927012864932,3461.6711887244664,"271.9670426414112,51.716952957111545",7456451.472648283
1949,754.5403055415118,3578.671454564681,"271.94078356330164,51.54732762870821",67310010.86406018
1950,590.624496451338,3699.642670277018,"271.91007115834924,51.37529862852234",3816171.543240062
1951,427.7131275861948,3816.61574027645,"271.8842185155697,51.2056606369062",4117658.479658433
1952,264.8241508159317,3933.57396772221,"271.85855552047707,51.03601676707419",5405535.662094873
1953,5376.034859038961,54.04813303267565,"273.0934762368918,56.437430237451245",2417040.2838720833
1954,5213.131857717199,171.0136037145421,"273.0592138167263,56.268084990436485",3174280.6627111253
1955,5047.661445291082,289.82137704535126,"273.0247250834424,56.0960842521342",4645135.500158436
1956,4883.1534820189045,404.6592351894915,"272.99578664999785,55.92642696193365",4134253.0821095156
1957,4720.189722855831,521.6652675787964,"272.9624012728206,55.757055219452354",3469029.488506771
1958,4557.20872326155,638.6828224735918,"272.9293045445787,55.587674479969145",24128691.88541712
1959,4394.211771328681,755.7110527100476,"272.89649214280433,55.418284679859624",8672524.444269355
1960,4228.653526993809,874.5775180648425,"272.86345381843273,55.2462393806954",4524283.659621974
1961,4020.761290193685,1020.5599217145273,"272.82729843411687,55.03154496722542",5225625.171543951
1962,3855.1755877982473,1139.4447648919504,"272.79487441233647,54.85948112906418",5102708.863069382
1963,3692.1278145073125,1256.507013709867,"272.76321834199774,54.690055980096574",4037441.7983056535
1964,3526.524312719455,1375.4038053926915,"272.73133697830053,54.5179751678151",4290494.351177116
1965,3363.4620637852154,1492.4757865704973,"272.70020743708193,54.34853359730846",5331601.061000221
1966,3200.394909855475,1609.5510784150351,"272.6693334736746,54.17908410531401",3636411.4199783974
1967,3034.7762162782055,1728.458131178792,"272.6382349193617,54.00697885358874",3869164.0920183132
1968,2871.7035380188954,1845.5371995090195,"272.6078650354164,53.83751360277812",3677443.8972877404
1969,2662.76614379004,1995.5451765613016,"272.56931082149885,53.620375102827786",4790113.403434946
1970,2499.694500150782,2112.6236668679035,"272.5394942173257,53.450892595603314",3706633.3472957266
1971,2334.0777857926196,2231.5296138857943,"272.5094542370343,53.27875432767087",4457851.645825876
1972,2171.013494777738,2348.6033063021,"272.4801118468128,53.10925706691117",4334004.63747252
1973,2007.955015815085,2465.673181339415,"272.4509997755827,52.939752572774026",4128872.3934599753
1974,1842.356271324802,2584.567315355578,"272.4216652946017,52.7675923247084",3790869.990610609
1975,1679.314096272752,2701.626436793925,"272.39300782209017,52.59807365108177",4284493.410020657
1976,1513.7350079919706,2820.507585197345,"272.364128634058,52.42589925125392",13372997.029042622
1977,1308.977966059977,2970.7964047456776,"272.324133003208,52.211601919507736",3790834.9648751374
1978,1143.4284311371625,3089.65800593327,"272.2957709140108,52.039410858762935",3836028.900000261
1979,980.44096807385,3206.680936916019,"272.2680577609158,51.86986211100474",4812554.280375877
1980,817.4703636834074,3323.692686679504,"272.24055274355726,51.70030707290869",4230544.200341801
1981,654.5179060545943,3440.6924081399848,"272.2132530249587,51.53074563439887",3726389.712539144
1982,493.14775721505885,3559.835225487296,"272.1819160956425,51.36144077351969",3344798.222829344
1983,327.6906615968055,3678.635564457304,"272.1546163038721,51.18921608347076",3549638.404920957
1984,164.80168493505334,3795.5932061336625,"272.1279350548608,51.01963466487695",3258824.412133114
1985,5276.02319706931,-83.92081369756852,"273.3992839421531,56.4180613851813",288231.0869354474
1986,5110.573960531659,34.87220846178025,"273.36317370441753,56.246154374833196",2401381.027695275
1987,4947.648497539736,151.85205682284868,"273.3279344036601,56.07688211972484",14129954.44606182
1988,4783.139937034524,266.68970663189793,"273.2977187267808,55.907295225741336",10569290.343917584
1989,4620.175591420238,383.6955193817994,"273.2630714764264,55.738004457468875",4168754.4159851316
1990,4457.1940259640205,500.71284103230573,"273.22872343276373,55.568703998789495",3848106.491129189
1991,4291.649534324247,619.5694947252505,"273.19414034473897,55.39674820633353",8286346.733415489
1992,4128.637751696509,736.6070251016154,"273.16038199736096,55.227428649477325",20309640.260692917
1993,3918.1975418039997,884.4179772388197,"273.1221595998763,55.01017636380057",4453453.922358644
1994,3755.1587017678685,1001.4736219085671,"273.089028927278,54.84083700181802",3722823.8438880187
1995,3592.110471449374,1118.5355649849807,"273.05617506553307,54.67148866991628",7185815.8621081775
1996,3426.5065265515836,1237.4320321612522,"273.0230870717339,54.49948522737795",4334144.832896196
1997,3263.4438620562496,1354.5036800431153,"272.9907790523828,54.33011920784985",4330238.455949209
1998,3100.376313133256,1471.5786249076882,"272.9587359924477,54.16074465214301",3781818.6511635743
1999,2934.7572394398626,1590.48531125435,"272.9264595427159,53.988714887428344",4567643.470094855
2000,2771.6842076340868,1707.5640049961285,"272.8949390789267,53.81932336029261",4648272.222822685
2001,2562.746390466388,1857.5714820696148,"272.85492381567195,53.60227845933551",4221335.790619158
2002,2399.6744401716833,1974.649566499631,"272.82397697591927,53.432868344433885",3690635.310720905
2003,2234.0574353992306,2093.55508724673,"272.79279802388095,53.260803016283",13329533.174066411
2004,2070.9928791429725,2210.628346106385,"272.7623428519759,53.09137700643003",7734340.113757866
2005,1907.934155478943,2327.6977738422947,"272.7321264817925,52.92194320872373",4359088.743146308
2006,1742.3351834833002,2446.59143949161,"272.70167901272964,52.74985420200488",4048635.8756006816
2007,1579.2928051173758,2563.6500859014823,"272.6719339951351,52.58040513019167",3614014.8623432936
2008,1416.260765173046,2680.701899885394,"272.642417983679,52.41094863738194",8637637.188781776
2009,1208.956282390161,2832.81892711176,"272.6006119625265,52.19410050309736",5951982.528267792
2010,1045.953456675552,2949.851412846038,"272.5716233000149,52.024626477176405",3409456.8550198036
2011,880.4190316900131,3068.7023971222625,"272.54240558696307,51.85249692327032",4341500.5653494345
2012,717.4483328412089,3185.7135991234754,"272.5138549156355,51.68300871187507",3290439.792969826
2013,554.495801252484,3302.7127590183527,"272.48551713522585,51.51351360532027",3554554.283854492
2014,393.1255943765864,3421.855010787541,"272.45315286291157,51.3442847007193",3688862.097490925
2015,230.21383089662595,3538.8271463792917,"272.4252483162086,51.17477503959237",3930733.769621644
2016,64.77947696451793,3657.6117902383603,"272.3971168797507,51.00260977578573",2485397.164837737
2017,5173.4671823765575,-220.06206497025596,"273.7042006955716,56.39532179403228",nan
2018,5010.56252264491,-103.09673485478834,"273.66735827441573,56.22614555071751",201214.53503927775
2019,4847.636420256913,13.88290406183296,"273.6308397209548,56.05695862724921",8079098.525305028
2020,4683.127250879567,128.72032806004154,"273.59935082455945,55.88744511071728",5541667.029933035
2021,4520.162306862492,245.7259039302471,"273.5634458151054,55.718238253948904",3355945.989405546
2022,4354.63339453969,364.5714847365289,"273.5272967417187,55.54637684194485",7054076.382866534
2023,4191.635106175225,481.5993604727046,"273.4920112176895,55.377148968326836",6647083.794091271
2024,4028.6227872201844,598.63661292901,"273.45702627344207,55.20791119207021",36117300.18131039
2025,3818.181929182188,746.4471848426183,"273.41724252569185,54.99075170934446",4031816.422277399
2026,3655.1425995750246,863.5025202158631,"273.3829080145375,54.821492621319514",3481344.5977890817
2027,3492.093900258762,980.5641403436393,"273.34886003538367,54.65222389936062",6439627.734851275
2028,3326.4895000899987,1099.4602655415788,"273.31456907679035,54.48030064079764",5952051.420744775
2029,3163.426408055473,1216.5315629282736,"273.28108612459926,54.31101292154063",4346416.963079981
2030,3000.358452157121,1333.6061436173281,"273.2478774516972,54.14171603022678",4027567.827474693
2031,2834.7389861736647,1452.5124460859743,"273.2144265827515,53.96976450186157",3709448.5817670957
2032,2671.665588830135,1569.5907480498577,"273.1817589023441,53.80044938465838",4322227.057208055
2033,2462.727333352725,1719.597703124511,"273.1402868146682,53.58350149476356",5443366.829492158
2034,2299.6550643999763,1836.6753644940468,"273.1082129726581,53.4141664124184",3956685.5848281216
2035,2134.0377570176556,1955.5804415200646,"273.0758982764931,53.24217668533328",35351404.25043018
2036,1970.9729235064997,2072.6532496428053,"273.04433344670383,53.072824527096934",8730589.29227032
2037,1807.9139431218728,2189.722212898422,"273.0130158487773,52.903464007309836",3511940.8770668632
2038,1642.3147314077269,2308.6153927346245,"272.98145845815196,52.73144884434412",3515427.1975215063
2039,1479.2721376964364,2425.6735469388236,"272.9506288640524,52.56207191784431",4221469.294289135
2040,1316.2399029265944,2542.7248549503693,"272.9200363716402,52.392687019963546",3715060.0120898085
2041,1108.9351946722481,2694.8412224512863,"272.8768663312121,52.175940113956266",4921268.44886932
2042,945.9322211119297,2811.873171048672,"272.84681921304286,52.00653641637429",4028005.392304547
2043,782.9442666924915,2928.895182130618,"272.81699861072775,51.83712490913582",4315112.735157345
2044,617.4268615810452,3047.7342327393576,"272.7869408295725,51.66505881509623",4631977.105595318
2045,454.47424395713097,3164.7328138889293,"272.75756766067036,51.495632471682804",3721289.6118674707
2046,293.1039666502984,3283.8744831263457,"272.724178792497,51.326481923530686",4624647.41627694
2047,130.19215828786218,3400.8460126123678,"272.6952536195779,51.15703998444835",3103351.716163207
2048,-32.697219621570184,3517.802673433489,"272.6665400308547,50.98759074117785",358632.2513729008
