id,xcenter,ycenter,sky_center,aperture_sum
1,10653.07321097199,6338.936266005037,"267.4531848600075,58.85330859227824",nan
2,10519.506942813998,6454.671810461502,"267.15371542363556,58.782622759569605",nan
3,10385.905038682215,6570.358690788863,"266.85546904018463,58.71124610527988",nan
4,10254.525292231605,6688.041400347285,"266.5562759643656,58.6415917289449",nan
5,10120.853547089137,6803.63401813601,"266.26046872081514,58.568842811155676",0.0
6,9985.058165107755,6920.985350587027,"265.96130071724644,58.494264594993034",0.0
7,9851.31793345826,7036.485400828657,"265.6679795844946,58.4201565745059",72839.14178195807
8,9717.544778143863,7151.940428428088,"265.37589607794877,58.345381582622174",1189635.986050468
9,9548.358271835368,7301.849283873284,"265.00122066933346,58.25099168721933",2589241.1628514603
10,9414.511632517104,7417.205199077107,"264.71195250818243,58.17470777885368",3734514.61055463
11,9280.63368492778,7532.518608089742,"264.4239280494104,58.09777238422634",4038325.0523101515
12,9144.632413552863,7649.591034174895,"264.13267765492736,58.01897292722245",3410059.001751636
13,9010.693018641918,7764.820999793566,"263.84716405163874,57.94073880701085",9704198.55373304
14,8876.724000413884,7880.010642658411,"263.56289778455,57.86186752494318",8153902.085127473
15,8740.631861680933,7996.959690454164,"263.2754671494843,57.78111651412096",3914192.7614149633
16,8606.604686340082,8112.070388636323,"262.99371688531534,57.70097524898892",8025401.751114351
17,8434.84149644079,8259.50044357076,"262.6345495396589,57.59738449205055",4109691.4200123018
18,8300.75121194925,8374.525378900154,"262.3556484954934,57.5158289777491",6370742.201650097
19,8164.5383463117905,8491.31036419288,"262.07366792393816,57.43237249251083",12243737.529247649
20,8030.394698984371,8606.262695282983,"261.7972840124634,57.34958771129025",8658131.758848427
21,7896.225348733304,8721.180166229591,"261.5221481620747,57.26620006109702",5398233.528267202
22,7759.933900879974,8837.858265099112,"261.243990180595,57.180897214198694",4036796.3645588215
23,7625.714486077721,8952.707652718958,"260.97136790169327,57.09630856192545",21016484.055195957
24,7491.471059040412,9067.524379295593,"260.69999121213567,57.01113103346941",38100988.435359724
25,7317.181535701492,9212.53554280104,"260.35657408267707,56.898848184912936",3991368.8770145997
26,7182.8857383975055,9327.28039509081,"260.0880448550009,56.812350025156206",5230995.85170075
27,7048.567588997653,9441.995177860477,"259.8207561360179,56.725277952337244",4965336.735345178
28,6912.128686384727,9558.472124135915,"259.55055955298803,56.63626280466751",3754919.6886019534
29,6777.767622299645,9673.128152466177,"259.2857667740919,56.548048043439735",2203122.6994120455
30,6641.13151783765,9785.704998073716,"259.02472490768577,56.45700487527082",1655244.4474298814
31,6506.730287284339,9900.305892553923,"258.7624096396692,56.367679901381784",150034.39184346815
32,6372.309474820753,10014.880469789976,"258.50132449967964,56.277803650034194",0.0
33,10510.686541231593,6206.471719880648,"267.59311007092657,58.699301914419216",nan
34,10375.022767676921,6323.972272510353,"267.29004348553303,58.62781470783265",nan
35,10241.411386411633,6439.617613753333,"266.9928552139165,58.556734098608324",nan
36,10110.023931215117,6557.260334465353,"266.6947220179206,58.48738089984993",0.0
37,9976.34498078288,6672.814507977478,"266.399939504989,58.41493388139666",1490520.6938176528
38,9842.632987001529,6788.323872585595,"266.1063725652662,58.34181301402236",7212347.491509372
39,9706.798289569986,6905.593125152866,"265.8094651625601,58.266864641240474",3235481.7495202883
40,9573.021348009619,7021.014396095787,"265.51835618591804,58.19239983970874",4183650.073308876
41,9403.832307941804,7170.882202181769,"265.14492417065463,58.09841365071356",5191661.042318072
42,9269.984473902794,7286.207895308857,"264.8565929263563,58.02244588479419",5513024.98787189
43,9136.106465646799,7401.49263748936,"264.56948895591364,57.94582912340353",11700880.757565105
44,9000.106293478475,7518.53754083627,"264.2791566817549,57.86735576702493",3602079.8486463204
45,8866.16912386692,7633.741974765355,"263.9945306488411,57.78944512169727",7572561.921962522
46,8732.20346511376,7748.907641498783,"263.7111357252344,57.710899628755115",18615807.113631878
47,8596.115899273238,7865.833930785815,"263.42457351628656,57.630481807366046",5439148.625485635
48,8462.094369554596,7980.9237883953665,"263.14366211835824,57.55067082210444",7420680.085272636
49,8290.340070707423,8128.3294148314835,"262.78554621020294,57.44750635986456",19115621.63880927
50,8156.25801931262,8243.337058434068,"262.5074476738275,57.366285931724775",7791282.881727273
51,8020.054676369763,8360.106074083094,"262.22626598250434,57.283171831673094",5709721.833854572
52,7885.9215483099215,8475.044248940705,"261.9506528347462,57.200726144276665",4116515.6407955876
53,7751.763851528258,8589.949119140842,"261.67627213980444,57.117679494687025",3979615.12293427
54,7615.485400121161,8706.616012415816,"261.39886523641223,57.03272487321507",3978300.599988741
55,7481.27992481645,8821.45593426131,"261.12696694885705,56.94848090313052",8638463.236730427
56,7347.05157136987,8936.264750201117,"260.8562989417141,56.863649804443185",8784140.338528544
57,7172.782282291629,9081.268330280134,"260.5137479901528,56.75181009760018",3999506.117136446
58,7038.504141058732,9196.008831364765,"260.2458929060434,56.66566211888268",4283703.756319717
59,6902.106155777163,9312.512998080532,"259.9751069399423,56.5775822651361",5162978.487459455
60,6767.7861231831075,9427.196514250609,"259.7097210870016,56.49028548673644",5604673.59249658
61,6633.446134387736,9541.852878516387,"259.44555769071553,56.40242552463915",6266542.734103721
62,6496.831481020502,9654.431955359956,"259.1851109687709,56.311735182981174",5304297.009696169
63,6362.453588586901,9769.036305350117,"258.92339597649215,56.22276778623708",3099921.1962199043
64,6225.95712847975,9885.406032881914,"258.65883600516923,56.131847381570985",1388072.918812805
65,10366.174045036805,6075.813168441848,"267.72718926074367,58.54406525071664",nan
66,10232.586779796842,6191.464063931614,"267.4298443212964,58.47397330111307",nan
67,10096.878015504693,6308.8753977381175,"267.1290710548489,58.402085131553",170698.11634634732
68,9965.482519795929,6426.478955023449,"266.8319913191523,58.333030122989776",1766662.3160459413
69,9831.796062192778,6541.995501489603,"266.538227653505,58.260882048285126",5673949.719045883
70,9698.077695680347,6657.46879218529,"266.24566314794686,58.188062936422",6703195.9010564685
71,9564.327809191152,6772.899693390364,"265.9543001540144,58.114577344312785",5030163.112999791
72,9428.456659760945,6890.091325376143,"265.6596175766118,58.039266288420094",21246860.148249548
73,9261.355793759189,7038.117346403744,"265.29192272265794,57.94685691922429",5781249.962401337
74,9125.4153472739,7155.215413207685,"265.00002382604976,57.87002542935302",6261566.946834508
75,8991.536981177785,7270.472299012783,"264.71383614941914,57.79372436436367",6432305.966895499
76,8855.537607165603,7387.49050163872,"264.42441799792493,57.71557413221221",4660868.478063077
77,8721.602367188958,7502.670212163946,"264.1406758541417,57.637984038202276",4448904.702309882
78,8587.639772994902,7617.8127099746725,"263.8581488422388,57.559761418595464",8190424.391972732
79,8451.556481288699,7734.717059473243,"263.57245182574417,57.479673834035125",6740019.521147664
80,8317.540303784577,7849.786881550637,"263.29237635441,57.40019023083345",4396896.954849176
81,8145.7945211538645,7997.1691093758145,"262.9353084657784,57.2974483652256",5324651.424554034
82,8011.720411153882,8112.160263840935,"262.65801003693076,57.21656014934904",4663761.220669658
83,7875.526295410702,8228.91412387776,"262.37762502393025,57.13378552757834",9012935.48781014
84,7741.403396422504,8343.838942929691,"262.1027807003406,57.051676084214485",7711138.868626295
85,7607.2570636609635,8458.732011738855,"261.8291534442713,56.96896759838363",4263220.976040253
86,7470.9913154919695,8575.388510168861,"261.55249609994854,56.884358335068725",4317323.844364269
87,7336.799491739337,8690.219763438681,"261.2813205252089,56.800456238322795",4899033.25153727
88,7200.488710822061,8806.814974385588,"261.00715172510616,56.71464406510518",4432253.16555757
89,7028.336532166114,8950.01847279628,"260.6696745306845,56.60456869530284",6703648.386420376
90,6891.9777407815145,9066.547995502586,"260.3983278192828,56.517422943297504",4222233.030867421
91,6757.696579613794,9181.257560053711,"260.1323759893219,56.43104277327874",5544780.363034656
92,6623.396204549867,9295.940649675156,"259.86763404638236,56.34409658823686",13020477.497193674
93,6489.077007780427,9410.598140372545,"259.60410002186063,56.25658871907041",4524801.827218006
94,6352.483552147641,9523.18023070872,"259.34424884706704,56.16624855993375",5163711.368006976
95,6216.02924750376,9639.57942796965,"259.07906404842316,56.07624711345647",5219437.993583086
96,6081.656833498002,9754.16445100812,"258.81917000738883,55.98707751065721",4817817.987691818
97,10221.624642484665,5945.151676786634,"267.8601274067923,58.38869989985461",nan
98,10088.026141309518,6060.761095665468,"267.5638441493601,58.318895082084715",309910.61110406753
99,9954.395398119188,6176.326496011872,"267.2687343988416,58.24840835580312",2948255.4573354023
100,9820.903259653454,6295.697111173616,"266.9680998492627,58.17854182264664",4171835.097004315
101,9687.208993473047,6411.176847170878,"266.67534912651604,58.106689769041",3759434.6497632014
102,9553.483953536315,6526.614879498453,"266.3837814218547,58.0341694903252",3727424.2732924116
103,9419.728528855854,6642.012074635896,"266.09339912276084,57.960985484206105",4336186.109678139
104,9288.203258108057,6759.414599360173,"265.8020257236489,57.889538755261235",4586809.176610021
105,9116.748730459298,6907.158590328068,"265.43321728700147,57.79396541086081",3605887.5546486303
106,8980.806456716433,7024.227598523052,"265.14226097769307,57.71744903768958",5441146.221806891
107,8846.927435861398,7139.457438031863,"264.8569853491726,57.641460762413345",5436435.544332361
108,8713.021056860762,7254.6501688600165,"264.5729064873615,57.56483306310163",5011077.725410575
109,8576.994953356092,7371.6055567328,"264.2856152706088,57.48635827111245",5104935.924522535
110,8443.035128954729,7486.725692583723,"264.0039526747918,57.40845563770507",4836849.302497251
111,8306.955812740947,7603.608920809047,"263.71911754821184,57.328695365946125",3577525.4074437963
112,8172.944694122822,7718.659512236737,"263.4398749921628,57.249536274606164",5221628.836520408
113,8001.207052923459,7866.019371199351,"263.08385160787884,57.14721334216898",4464835.390183123
114,7867.140592616131,7980.9948390575055,"262.8073508063886,57.06665449105418",4714616.368359991
115,7730.955408541816,8097.734357498164,"262.52776018515283,56.98421646691224",4307998.818942271
116,7596.842448359055,8212.646621199707,"262.25368265952227,56.90244044308574",3837589.38633416
117,7460.611156614453,8329.323481283336,"261.97655289709337,56.818775517263155",4677863.860269208
118,7326.45385178188,8444.175602496987,"261.7048976372984,56.735800561041025",5750679.040911027
119,7192.275391460818,8558.998984548592,"261.4344434009923,56.652237552395704",7503878.6160580395
120,7055.979345076161,8675.587790923022,"261.1609919713024,56.56677158360817",10000755.022147788
121,6884.007141478929,8822.629116000397,"260.8177870295457,56.45810144772373",5774652.4549132185
122,6747.505058761597,8935.312543531369,"260.55370476771094,56.370331347855185",4167409.024748685
123,6613.2421354926455,9050.020921268606,"260.2884109912827,56.28429750387334",4435708.680609114
124,6478.961133594091,9164.704376285035,"260.02431264661976,56.19769920894088",4634045.850712353
125,6344.662445193711,9279.36378433876,"259.761407871433,56.110540746508974",3614838.8942253217
126,6205.991084402074,9393.740711495924,"259.49807279042426,56.01917328395218",5759670.129693405
127,6071.658767804731,9508.35399191834,"259.2375778867752,55.93090447092064",3984618.0778955873
128,5937.310280563766,9622.945623080672,"258.97827048715754,55.84208852424755",3910308.288350889
129,10077.040533883079,5814.487097477949,"267.9919402478978,58.23320814855735",3853209.675276164
130,9943.430493805194,5930.055858637217,"267.69671193162617,58.16368757892727",7662942.406073297
131,9812.048786836353,6047.624781379354,"267.40055783054584,58.09590941390757",5618842.2662432855
132,9678.376914018576,6163.110186264281,"267.1076314606543,58.02503085004916",3961193.2959910785
133,9544.675005732652,6278.554560836912,"266.8158695465265,57.95348236128013",5089300.682989448
134,9408.853626650114,6395.761678907744,"266.52074338199316,57.880134769328926",4599098.482952088
135,9275.09236418899,6511.125981848407,"266.23133638671254,57.80724946045966",6459362.929663181
136,9143.562958305465,6628.497132929212,"265.940940594175,57.73610640487055",3509673.363897923
137,8972.104072763597,6776.203220311776,"265.573338572425,57.6409231224483",3643699.4690056536
138,8836.159669763736,6893.243993198968,"265.28332023498183,57.56471894040142",4612529.843432087
139,8702.279697483302,7008.447596052366,"264.9989523629726,57.48904057872588",5573354.82725166
140,8568.373503303525,7123.615642495841,"264.7157656484554,57.41272524188023",3923548.752156288
141,8432.34875056472,7240.5475492380865,"264.4293646006023,57.33457014180992",4066934.202188166
142,8298.391401344928,7355.6461297961505,"264.1485628667745,57.25698463661312",8404804.495036256
143,8162.315762106275,7472.509055011204,"263.86458626415725,57.17754878272695",8062618.275511429
144,8028.309409135825,7587.541220470669,"263.58617354581,57.09871136119744",5905444.52396996
145,7856.579534651404,7734.879740130473,"263.2311910604142,56.996803733789825",4602002.575173526
146,7722.520432351475,7849.8403238184355,"262.9554853316047,56.916571426913585",5022307.197286892
147,7586.343884399626,7966.566314631809,"262.67668673641236,56.83446714661258",4465820.37551919
148,7452.240572708311,8081.466823438946,"262.40337390126734,56.75302174374602",3963908.050105426
149,7316.020243323877,8198.133333937316,"262.1270054769968,56.66969459432711",3713462.0774325915
150,7181.874877385873,8312.976829232044,"261.8560848641097,56.587054124598964",5368904.920819865
151,7047.709492231426,8427.793137564546,"261.58635050136854,56.50382744310817",9612265.150732158
152,6911.427888305163,8544.376348324573,"261.31361516517336,56.41870488867037",4259935.85327479
153,6739.475576234177,8691.412897823882,"260.9712921506726,56.31047053676687",4112080.235852645
154,6602.989661403224,8804.094638627643,"260.7078627777991,56.223039367946996",5253502.197786434
155,6468.744690677631,8918.802622857136,"260.44322644841276,56.13734915211243",4152132.178674458
156,6332.384765483398,9035.279033534463,"260.175664089599,56.04974389351347",3552495.3013802967
157,6198.10604719336,9149.940804686548,"259.9134067512254,55.96292347792155",3967805.3666074118
158,6063.811178949861,9264.580967167693,"259.6523268971774,55.87554871320944",4059436.306772285
159,5927.244513785307,9377.150370390618,"259.3948714820156,55.785348460548484",3638415.1982288756
160,5792.919671281185,9491.749398101452,"259.136151034336,55.69688355665484",3436363.679908678
161,9932.422909520585,5683.81837146397,"268.12264416779914,58.077591161596864",3268712.4550813744
162,9798.801028068548,5799.347292735298,"267.8284640588568,58.008351991589",4231170.805348172
163,9667.409297788725,5916.878115124052,"267.5333597526752,57.9408604191831",3644376.406163336
164,9533.727860799243,6032.326766359201,"267.2414503558536,57.87026921550868",4806227.224342422
165,9400.017524739687,6147.735937237683,"266.95068977326355,57.799010957090616",18486028.620303873
166,9266.278523016805,6263.106628580343,"266.6610803362689,57.7270899430776",22051175.24675319
167,9130.421350017223,6380.2411122598005,"266.36812749640563,57.653371540094824",5121524.313544847
168,8998.887481283291,6497.581709142725,"266.07870390769284,57.5825292692655",4379481.88579503
169,8827.42385627599,6645.250932378049,"265.7123020601112,57.48773239242859",4894167.998461616
170,8693.56874973295,6760.46432969369,"265.4276554872542,57.413010144580625",4401606.522927107
171,8557.595802188496,6877.44246824108,"265.1397525878897,57.33646621246876",4514654.442039669
172,8423.68949706256,6992.586638597809,"264.85745392868637,57.26046039665421",3810186.6113486923
173,8287.665795364574,7109.495884174142,"264.571939139975,57.18262210835317",29260803.26190986
174,8153.710626865419,7224.573715841138,"264.2919946577707,57.10535090189016",7148832.68928952
175,8017.638366202977,7341.417156085553,"264.0088731520689,57.02623659941512",3944832.363563436
176,7883.636485724962,7456.431700084102,"263.7312871299164,56.94771803318252",4162643.7110322374
177,7711.914003296299,7603.749909843306,"263.3773418507696,56.84622211722117",4330322.464950073
178,7577.861967325148,7718.696411726342,"263.1024285679472,56.76631356045802",4547356.268475066
179,7441.693759921769,7835.4096888548775,"262.824419556498,56.68454019649769",4517806.572698911
180,7307.599806347111,7950.29924324293,"262.5518692256963,56.60342264137629",6404157.384583523
181,7171.39014507259,8066.956216180455,"262.2762601377977,56.52043046342164",5652915.31546212
182,7037.256428957051,8181.7918841448545,"262.0060724125454,56.43812173045393",5766131.931788454
183,6901.00751390326,8298.395653981075,"261.7328622183729,56.353928799088024",5991406.1354560405
184,6766.836376802796,8413.180340718049,"261.46503575913584,56.27044673237513",4790656.137705643
185,6594.903588494669,8560.213134053956,"261.12359323838075,56.16264469468432",4961427.135475302
186,6458.433584429155,8672.893975561286,"260.8608160824514,56.07554980597185",5108149.083858623
187,6322.108972969238,8789.394400111629,"260.5927213144509,55.98886257202072",3846439.256320019
188,6187.865461691392,8904.080763837388,"260.3299267318418,55.90294319528301",4717701.652428516
189,6053.6067011529685,9018.74605971665,"260.06829786410697,55.81646689981643",5957608.651213795
190,5919.3329271160665,9133.391296724476,"259.80783260620194,55.729437757683364",3940157.008124286
191,5782.787678627135,9245.967496689027,"259.5509594592141,55.63958113851897",4195819.062253388
192,5648.4861984985555,9360.57470998559,"259.29282616789914,55.551464684789785",5561920.042234705
193,9789.861646691646,5551.340613561318,"268.25684329925144,57.92292323791833",4938764.986808235
194,9656.228234800466,5666.830996411121,"267.96368743994964,57.853973282754325",3648963.2326968913
195,9522.73786084339,5786.128797094254,"267.6650545076366,57.785682740088845",3902839.847888665
196,9389.046559008071,5901.5415099761885,"267.3741558760347,57.71537607415836",4411919.066637502
197,9255.327495117439,6016.91629156541,"267.0843906758439,57.644405221926476",4650735.960053983
198,9121.580902651465,6132.254142861773,"266.79576126342954,57.57277442595938",3828517.112073917
199,8987.9784718184,6251.401959150688,"266.50167695041756,57.50176123360056",4419779.986532364
200,8854.178525336923,6366.667720924403,"266.21533125902386,57.42880925216317",4421523.139423357
201,8682.709779692534,6514.301118732805,"265.8501233070631,57.334395164491745",4606830.1458583465
202,8548.851973905552,6629.488322896058,"265.5663911915822,57.259974615256816",3709727.7156490497
203,8412.877449200721,6746.441445837116,"265.2794015068783,57.183739668846286",9187899.023070903
204,8278.970737577076,6861.562547999129,"264.99798676791073,57.10804056250192",7210068.543025888
205,8142.9477873820015,6978.449952011803,"264.7133542806495,57.03051623570985",10079026.999502266
206,8008.994505295971,7093.507840881552,"264.4342633885238,56.95355652747945",4033586.4192552464
207,7875.018864394015,7208.535545418408,"264.15632707604334,56.8759779877852",3971685.748472003
208,7738.927623885167,7325.330340767661,"263.8752309705162,56.796558441504175",3864588.463874941
209,7567.212158925008,7472.629269831254,"263.5223191243784,56.6954706786383",5076228.0636919085
210,7431.072284195197,7589.358104098761,"263.2439216048845,56.61463477903651",3769844.3888655053
211,7297.006735185998,7704.2638695115975,"262.97097365261544,56.53443785655433",4229329.666446209
212,7162.9218493122,7819.1432699550305,"262.69918356649106,56.45364540191368",7267206.039489366
213,7026.722561824385,7935.791517404608,"262.424331735301,56.37098541632496",5250277.095053982
214,6892.600206356303,8050.620156723866,"262.1548750586869,56.2890056953155",4226581.862455633
215,6756.363993796202,8167.21837499494,"261.88239263506966,56.20514882576041",5960745.075191658
216,6622.206510129853,8281.99915793354,"261.61526835984006,56.12199948012176",4258154.265412965
217,6450.292877565534,8429.029214839466,"261.2747047858723,56.01462631672703",4419840.164758539
218,6316.098154417889,8543.759605484818,"261.01021682466177,55.930174181294426",3955218.6927967775
219,6177.531576991383,8658.211594453998,"260.74515039278265,55.84152144120919",4339077.019309912
220,6043.306601662625,8772.900725960868,"260.48299764661317,55.755941997549954",6376528.292782943
221,5909.067514186474,8887.570338795085,"260.22199682157634,55.66980719851723",5426044.521219372
222,5774.814550278744,9002.221441678805,"259.96214591102085,55.583121071163845",5001038.641465472
223,5636.192425363335,9116.596258789414,"259.7018221319515,55.4922382611851",3611295.0068622753
224,5501.913988462716,9231.212052006053,"259.44429429909445,55.40445933763286",4805728.412240479
225,9645.183626362208,5420.663616148051,"268.3853585629404,57.767057927388166",3911684.2023988115
226,9511.537752103057,5536.1157682967605,"268.09323768732827,57.69838372558355",4173344.5915807327
227,9377.863862097587,5651.530355008505,"267.80222740281596,57.62903932829524",4488048.677106487
228,9244.334705140167,5770.753813799617,"267.505763418161,57.56035316373353",4685750.923094476
229,9110.606613797692,5886.095019752778,"267.21698764357694,57.489666925863276",5320382.659373663
230,8976.85213155315,6001.400843814874,"266.9293325504385,57.41832355492154",16999779.96229169
231,8845.333875391747,6118.716844119639,"266.6407080765751,57.34873742182397",5628825.033394595
232,8709.43778853014,6235.754562220263,"266.3508379896801,57.274948219613485",4109745.6695664576
233,8537.963541472425,6383.353172618805,"265.98681762031885,57.18091334419952",4644900.069979812
234,8404.102739919546,6498.51499282646,"265.70399530987123,57.106791704451815",10305863.646430014
235,8268.126337499165,6615.443921138834,"265.417914358436,57.03086291425683",4552207.335865026
236,8134.218924037601,6730.54276260285,"265.1373793643639,56.95546773538093",3954935.3629420563
237,8000.2892472736385,6845.611434892048,"264.8579817243166,56.879447304504076",4750267.005334314
238,7864.244736159716,6962.447896172017,"264.57538416405845,56.80160356761318",4088053.8693752564
239,7730.271825710334,7077.458013541809,"264.2982829972199,56.72433605523893",3335601.1441457416
240,7594.184523347243,7194.23653332487,"264.0180200640522,56.6452346968628",5403448.796915972
241,7422.4757013353,7341.517210713577,"263.66613780107974,56.54455156366662",4701615.991822472
242,7286.342419964805,7458.233384960204,"263.3885394585685,56.46403889569374",5730065.684001018
243,7152.284509993492,7573.128247092489,"263.11636381280476,56.3841623257835",12566513.118773635
244,7016.113323265903,7689.792943386443,"262.8411058426578,56.30243022044363",4210768.993382247
245,6882.01919325927,7804.638628168092,"262.5712349127208,56.22136170345159",5532964.943811154
246,6747.907909157348,7919.461037634028,"262.3025073693319,56.13970829436338",4865349.81802246
247,6611.68410588781,8036.054514754929,"262.0307509764902,56.05618475621854",6160656.766757503
248,6477.539987552372,8150.832190997201,"261.76432737139487,55.9733654554863",4592507.633995915
249,6305.645142452903,8297.860531537968,"261.4246410881363,55.86641775616579",4285014.3326285705
250,6169.3696875990945,8414.38389324383,"261.1567088010738,55.78098081453986",3828131.081547355
251,6032.91660857187,8527.045619563558,"260.89640246615573,55.69398484764868",4415352.832876352
252,5898.709883590681,8641.738312370677,"260.63489085311215,55.60874271950727",5596386.07515323
253,5764.490184157772,8756.41303484537,"260.37451754774145,55.522946814250176",3560885.616496603
254,5625.901532184025,8870.81313055625,"260.1136227674613,55.43295694661133",4095876.6274482408
255,5491.657212503782,8985.454422735529,"259.85554822170764,55.346062550945966",3822967.3381307456
256,5357.401589525253,9100.08000548918,"259.5986074300895,55.258626969353074",4343661.362864997
257,10561.061733348783,4291.991685101082,"271.00178876038837,58.10188724327256",nan
258,10429.897833570954,4409.755324259438,"270.70028600495374,58.041719150740306",nan
259,10296.443709689936,4525.441165270548,"270.4016739580466,57.978377666436494",nan
260,10162.959240844408,4641.085997261238,"270.1041215590167,57.9143390580497",nan
261,10029.445281292054,4756.6902794169855,"269.80763459382797,57.849607685494924",1147209.3433517474
262,9895.901752863407,4872.255278909188,"269.5122165517948,57.7841874673701",4036416.4270363864
263,9764.590197038695,4989.821916494174,"269.21593172578145,57.72053083466922",3959722.9379052087
264,9630.99018316928,5105.310496118056,"268.92265045963177,57.65374188233191",3713716.1061818916
265,9464.124323795195,5253.464356724475,"268.55104089274397,57.570682146349206",4065730.1162841157
266,9328.373951708903,5370.672813116427,"268.2556674860478,57.50129065481098",5324186.742578354
267,9194.685298054,5486.042140433739,"267.96593865521356,57.43229508668149",4493036.16104579
268,9060.97092488757,5601.3763231921575,"267.6773057726069,57.3626375233317",4126948.333038642
269,8925.141304014076,5718.477552611096,"267.3852877244996,57.291218268197",3817087.0545942835
270,8791.376276654613,5833.743528686702,"267.098872619358,57.22023912788157",7225768.149678066
271,8657.587173478829,5948.976570637086,"266.8135627369372,57.14861090178139",5741502.022850204
272,8521.683259857333,6065.977409722582,"266.5249283076987,57.07520336923158",4858587.2360590985
273,8352.463831325362,6215.578506133796,"266.1603336804372,56.98405717086865",3508988.7628967827
274,8218.5987585496,6330.708985074577,"265.87867020780044,56.910314479378975",3676028.676617495
275,8084.711702921417,6445.809863130789,"265.59812174837487,56.835940951708665",4042650.823472587
276,7948.710767493476,6562.679612752116,"265.314332976536,56.7597640711853",6474436.841449312
277,7814.781219261036,6677.722927492716,"265.0360376600542,56.68413211846109",4169746.4405214605
278,7678.738332145708,6794.535666266632,"264.75454058699086,56.60668602454357",3464244.484558573
279,7544.76849122724,6909.524426158145,"264.47850427798005,56.529813017330795",4521998.038136588
280,7408.68579987204,7026.283286139038,"264.19930392221926,56.45111528567674",6001586.626989676
281,7236.984941874208,7173.542082213704,"263.8487350656484,56.350945488403546",5956164.700136379
282,7100.859675373826,7290.2432263689625,"263.5721564766562,56.27084293496457",4578089.230039109
283,6966.811127515413,7405.125289749149,"263.30096653044313,56.19137286535686",5128978.67585564
284,6830.650942682911,7521.779018612546,"263.02669109762536,56.110056282804656",7732597.705583151
285,6696.569115813138,7636.615904644868,"262.7577694025625,56.029399461915936",3789578.620228255
286,6560.376163143197,7753.225358655849,"262.4857976840032,55.946886248657414",5827881.959485622
287,6426.263261262344,7868.0200868646625,"262.219144306605,55.865059821811045",5854797.639827773
288,6292.1358458792965,7982.79494790817,"261.95361609363636,55.78265951626022",4518817.503126378
289,6118.0034170886975,8127.7734493307,"261.617361714245,55.673930990934636",4809871.80891068
290,5981.748563018168,8244.298593126572,"261.35030850593057,55.588930069492875",5216417.52222053
291,5847.57717971774,8359.013470715174,"261.0884955981566,55.504672404231286",5284699.1045938255
292,5713.393420039396,8473.71188675517,"260.82780426327326,55.419858668932044",5804677.255469973
293,5577.10121688793,8590.186137511795,"260.5641870856573,55.33315498425101",5111392.02747454
294,5442.8946476258425,8704.853222621816,"260.30575399185375,55.24723328196718",5603289.115440385
295,5308.677354667575,8819.506081121355,"260.0484388862345,55.16076794598952",4403926.404121461
296,5172.352786198787,8935.936350803233,"259.78824660401597,55.07239954324688",4189856.3666412365
297,5000.19912088497,9078.959837249313,"259.4680070030343,54.9592290610399",3830656.9467813717
298,4865.951549781568,9193.570882591222,"259.2143594032466,54.8710143902774",4085516.336938998
299,4729.4379980505055,9306.123392198631,"258.96422973492105,54.78000683365138",3515160.1993851103
300,4595.174839264075,9420.71327140902,"258.7128101599526,54.69074930085034",5685966.606364164
301,4460.904905604093,9535.293232445516,"258.4624978976298,54.60097394968627",3819326.2998399083
302,4326.628120381545,9649.864551333021,"258.21328958289274,54.510684355068854",4057015.138280862
303,4192.34534481052,9764.427703869445,"257.96518349149864,54.419884700819345",3929967.227277989
304,4055.8019419692123,9876.937144293579,"257.7206245512661,54.326339351626125",2322040.276195139
305,10416.475282451647,4161.662182370861,"271.11886560109605,57.94363852890942",nan
306,10283.029425698503,4277.339583161561,"270.8203576464229,57.88124502455762",nan
307,10151.813582654991,4395.015112387719,"270.52103146766774,57.82061934369124",nan
308,10018.308812340201,4510.613883683287,"270.2245900832588,57.756830288389665",1832485.9562094745
309,9884.775689120008,4626.1736486898835,"269.9291996085959,57.69235178891756",5014753.815350357
310,9751.214134889724,4741.695674808054,"269.63486351703904,57.62718770904266",3999530.227314019
311,9619.8862279688,4859.22115815454,"269.3396618914846,57.5637923265547",3940144.4851854057
312,9486.270469294263,4974.66984073797,"269.0474335572906,57.49726591535819",3854975.4991447036
313,9317.124939087711,5120.733418647943,"268.67911421776927,57.41210409824557",3544071.2966857124
314,9185.711872251328,5238.144606537431,"268.38733426291475,57.34649553549113",3758506.9512279993
315,9049.922306374465,5355.281495279214,"268.0940906771669,57.276703945293896",3823959.05202988
316,8916.19706734812,5470.582385460359,"267.80644840019204,57.20732183806255",4222080.461940115
317,8782.447636851988,5585.850544327741,"267.51989045189765,57.137284794077246",3747991.3158708494
318,8646.58397871763,5702.887185694933,"267.2299676826722,57.06548730042416",3544102.0780944517
319,8512.787444148798,5818.091599267777,"266.9456045289454,56.99414299496809",5945038.120201455
320,8376.877148909523,5935.064946223967,"266.65791677182,56.92102658111821",3617321.463214596
321,8209.743163809135,6082.834668433516,"266.2989079737726,56.83139618202195",4513451.201930622
322,8073.782851886762,6199.7404121498585,"266.01374783734224,56.75680347807838",4769850.897305782
323,7939.89326434394,6314.819298301109,"265.73408404960514,56.6827251299623",4350509.020214245
324,7803.890923593834,6431.668296694331,"265.4511790643917,56.6068505693506",5780167.605289757
325,7669.961139913956,6546.692739498754,"265.17373949843005,56.53151872174025",5196650.719102445
326,7533.919179901059,6663.487895965519,"264.8930969291019,56.454379842839025",3435687.1617456186
327,7399.951400135137,6778.460904222543,"264.6178876346947,56.37781165593084",4308734.173291226
328,7263.871968410793,6895.205351056875,"264.33951270169064,56.299425822532356",3760655.4721401706
329,7092.1768991744575,7042.448242394812,"263.9899643723691,56.19965274341845",6621251.554284315
330,6956.057550349428,7159.138584866231,"263.7141783445613,56.1198671705604",5387247.9258149685
331,6822.015977462459,7274.011572951383,"263.4437546696377,56.0407113177875",6319302.239212585
332,6685.864042844787,7390.65766926128,"263.1702432299544,55.95971595650026",3877265.614874721
333,6551.791487563715,7505.48860025289,"262.90205981056226,55.87937742844024",4047450.6959394002
334,6415.60911756303,7622.093590549304,"262.6308237928724,55.797189476272074",6307301.148105179
335,6281.507783767802,7736.8854836047985,"262.36488097680507,55.71568522213321",5720127.5001307875
336,6145.297393018492,7853.452284674697,"262.09592044085537,55.63232196098554",7598705.150997556
337,5973.278267154059,7996.638543851808,"261.7646504893263,55.525295519895906",4515611.871266368
338,5837.038962850268,8113.165990107312,"261.4982736568226,55.44062777607169",5263308.432847296
339,5702.884038061087,8227.884693888827,"261.2371132362589,55.35669987663193",4036958.892452992
340,5566.621410466539,8344.380643438948,"260.97300650525204,55.27089312888785",3681096.507645037
341,5432.444711008422,8459.069773782787,"260.71407957717,55.185852126709435",4458790.3268354945
342,5298.258034807348,8573.745349057941,"260.4562591389434,55.10026504713218",5106952.976888634
343,5161.964851013161,8690.199783006285,"260.19554117402123,55.01278578670664",3884979.9787180843
344,5025.500160656053,8802.802189037517,"259.9423084318334,54.923822963714954",5119349.803538622
345,4855.635248796916,8947.891003502604,"259.6204135132532,54.81336607786159",4001018.4768005023
346,4721.412440689892,9062.517168229122,"259.36732340990983,54.725492206769225",3949889.479046632
347,4584.924082424497,9175.086537501815,"259.11772094018477,54.63482335510832",3978188.67269575
348,4450.687958570643,9289.694637324686,"258.86683369296856,54.5459092255376",4558527.778174857
349,4316.446197710128,9404.294362747001,"258.6170413163734,54.45647853648745",5857463.986459679
350,4182.198723128258,9518.886989457395,"258.3683405459262,54.366534824529815",5089289.875075216
351,4045.689845175207,9631.426993242456,"258.12315118227434,54.27383355138729",4257038.113008574
352,3911.4340174901517,9746.00723598065,"257.87663618725065,54.18288163381495",12943226.25369805
353,10271.868223925889,4031.3198353545204,"271.2349775387136,57.785296502055054",nan
354,10138.399482491393,4146.948922048006,"270.93760065911675,57.72314309614651",1914.5170040565479
355,10004.901835319739,4262.539649657577,"270.64124851164183,57.660295133458376",1766979.0921894368
356,9873.636838088561,4380.131388153202,"270.34406796261857,57.59922033603825",4238571.69375103
357,9742.170945127062,4493.8430322596805,"270.0543558535007,57.53600076381667",5902396.610884054
358,9608.591636359357,4609.323331111593,"269.76107800419663,57.47110087680109",7864280.120382902
359,9474.985881441991,4724.767884048128,"269.4688454729305,57.40552287079032",5175443.229707811
360,9341.52763810617,4844.021770592514,"269.17119555977945,57.340677771057614",5264688.151731321
361,9172.363433013552,4990.038099498319,"268.80417910315344,57.25584928645151",4185487.057474212
362,9038.674937773254,5105.371045358018,"268.51539053230874,57.18807110563831",5580692.667579491
363,8902.872669095257,5222.472830553029,"268.2231771961689,57.118557826716184",5213538.154997858
364,8769.136088731982,5337.7407391521565,"267.9365346437858,57.0494527300506",6676642.414765004
365,8637.639325638449,5455.021745515865,"267.64895352743497,56.98212106423961",5899101.139095261
366,8501.766651819893,5572.0285511332695,"267.360001329081,56.91060637670161",5107185.388060028
367,8367.96238864524,5687.205146322812,"267.0765794039588,56.83954329862385",5037042.35428745
368,8234.136639996883,5802.352836045016,"266.7942360859963,56.76784069149568",4140361.6004526415
369,8062.641973965171,5949.844657143797,"266.434064235809,56.67504383631398",4827874.818597987
370,7926.677558744337,6066.726947146541,"266.1498266776625,56.60075018562437",9912257.078036211
371,7792.785097627731,6181.784323864121,"265.871056758319,56.52696887440701",6897237.588923974
372,7656.781023280569,6298.613085067804,"265.5890449032229,56.45139856233084",4772490.523801955
373,7522.850699364146,6413.6191857266895,"265.3124702886599,56.37636876031774",4470717.612875935
374,7386.809375626144,6530.397321986583,"265.03269156691294,56.29953910932872",7622722.817783008
375,7252.8433890954,6645.355155725159,"264.7583184845208,56.22327776600571",12900086.352068288
376,7116.766963622854,6762.085799579974,"264.4807783107188,56.145205927649435",6485959.294539813
377,6945.077390418117,6909.313590481719,"264.1322622771782,56.04583227191713",3835268.2934105922
378,6808.963748563458,7025.993796213096,"263.8572781291261,55.966365871466664",3552455.8609006596
379,6674.928961620457,7140.858387382377,"263.58762988987445,55.88752643448681",3619749.107635628
380,6538.785103960198,7257.497564151732,"263.31489173798025,55.806854569128724",4102096.8634899454
381,6404.721668110972,7372.323265810472,"263.04745573133334,55.72683661413306",3654825.2040040167
382,6268.549744967502,7488.924553472535,"262.7769646776421,55.6449762799617",4303975.243370514
383,6134.459863968874,7603.714384407771,"262.5117415252198,55.563796559423835",4815258.979570139
384,5998.262289805945,7720.280699291239,"262.2434979166698,55.48076483999519",6159111.188114053
385,5826.426544215714,7867.310301224489,"261.90671288103295,55.37518476550981",5339509.37782005
386,5692.29820212683,7982.047935887401,"261.64510741537003,55.29214073112937",13410798.153064476
387,5558.159448701781,8096.7712614373,"261.384598318399,55.20854003603604",5057844.530014636
388,5421.9144115046765,8213.273487574086,"261.1211396617719,55.12306731305039",4413204.098698145
389,5285.495142129888,8325.922027419181,"260.8651531499715,55.036050668550565",4463842.512074527
390,5151.328377384503,8440.607037737302,"260.607954282755,54.9508008595055",4109390.249608245
391,5015.056600457785,8557.072660670136,"260.3478542281457,54.863665736876456",3971364.2394929607
392,4880.873723926465,8671.735764686533,"260.0928554957152,54.77733068557681",5649276.35019651
393,4711.038160972412,8816.842501117664,"259.7716842616689,54.66730000503516",4276935.880410002
394,4572.483834285297,8931.228729074626,"259.5175778043977,54.57611414988591",3866689.5367480484
395,4438.2798902237155,9045.862891413428,"259.2661565861796,54.488052375968444",5596825.132505681
396,4304.070595365729,9160.489759381207,"259.01581923115833,54.39947124328615",15950894.209689204
397,4171.953507710127,9273.319280863747,"258.77044992396463,54.31177067927862",17218448.61023583
398,4035.477514507285,9385.888018564958,"258.5246534040969,54.21991303364271",4795166.631017511
399,3901.2558231925614,9500.498035441602,"258.27754646132087,54.12981049821025",3817556.7966896314
400,3767.031295823663,9615.103470188173,"258.03151556566723,54.03920439105705",5778301.471975633
401,10129.327708195444,3899.1576098762903,"271.3547757576143,57.62782415865916",46534.29194015755
402,9995.836212660688,4014.7397855993413,"271.0585054890443,57.56591910976433",5696987.3006007895
403,9862.316941193332,4130.2851319196925,"270.7632459126298,57.503322850017746",6089925.673622543
404,9728.7707482406,4245.794108864016,"270.46900295286014,57.440039551646365",4752230.311850415
405,9597.459481098478,4363.307185009879,"270.17392112730744,57.37853451127508",5368355.981312209
406,9463.861526164706,4478.746118216591,"269.8817099778974,57.31388544998004",8894395.747709129
407,9330.23826405577,4594.150848470537,"269.5905300807373,57.248561462018955",4274658.881081987
408,9196.590083520054,4709.522241136624,"269.30038548502023,57.182566545705",4216347.839871097
409,9027.580630033051,4859.3362552544095,"268.92822793756756,57.099480961826146",5013164.494777569
410,8893.878370495804,4974.6344312650945,"268.6404458713823,57.03196693632691",3914038.1146762334
411,8758.06328880064,5091.702484171765,"268.34924033402393,56.96272497241854",4677500.735844985
412,8624.315241093054,5206.9387363576125,"268.06357586611887,56.89388994758725",5761782.05671428
413,8490.545298728573,5322.145372192608,"267.7789670860684,56.82440574448067",6995459.518725315
414,8354.663159324105,5439.122718032821,"267.4909946537875,56.75317551438825",3996747.6475074813
415,8223.114210142348,5556.31706716451,"267.20650123875765,56.68481403772768",4653310.673208639
416,8089.281576047027,5671.439293764032,"266.92507959073725,56.613392690619456",4628447.907950163
417,7917.779754157564,5818.9007496206295,"266.5660681367676,56.52096005768261",3463132.8585560573
418,7781.810996446004,5935.760773084234,"266.2827340827815,56.446958132304886",5206976.083732396
419,7647.915408749689,6050.7977842621995,"266.0048396987586,56.37346660457792",6247982.880877569
420,7511.909326078885,6167.607444634449,"265.7237028058309,56.298193137088305",7303135.313868026
421,7377.978173931126,6282.596297003055,"265.44797569579737,56.22345805554256",3695727.443481113
422,7241.937176204756,6399.3584985901225,"265.1690435473904,56.14693015879925",4265426.160340264
423,7107.972659923427,6514.302201622021,"264.8954901036308,56.070968268314104",4983606.137918145
424,6971.898894900653,6631.02007720507,"264.6187682951626,55.993202887729154",6489848.718382488
425,6800.214355939753,6778.234036460384,"264.27126450070796,55.89421910452228",3662513.715622888
426,6664.106034754689,6894.905082240633,"263.99706682456156,55.815064273977576",6648892.243070277
427,6530.077635901364,7009.762213234201,"263.72817927022214,55.73653374140422",6956394.874134419
428,6393.941433358049,7126.395396428196,"263.4561998476945,55.656177718400116",10230213.514541702
429,6259.88668409352,7241.216755455374,"263.18949733185127,55.576472777564895",3960867.969860355
430,6123.724750427442,7357.815215631625,"262.91973751769416,55.494932362320164",3969826.7140333923
431,5989.645854386734,7472.60382111654,"262.6552209202995,55.4140695743731",4795782.552067086
432,5853.46060389324,7589.170474153571,"262.3876813326643,55.33136165751555",4800710.179096279
433,5681.642082754208,7736.202777746021,"262.05176504770907,55.22619275588196",4169303.1899224315
434,5547.528484548105,7850.94428438358,"261.7908226848362,55.14347166017934",5687769.043832373
435,5411.143573424686,7963.624698963806,"261.5332418531979,55.05787625342195",4713038.6520666815
436,5274.916103088977,8080.134126525404,"261.2704402868357,54.972740145985014",3892476.068204326
437,5140.776334959798,8194.83966720104,"261.01277213781214,54.888362776926755",8333808.850935095
438,5006.628886950294,8309.534767634541,"260.7561845446041,54.80344252786625",4841208.777495224
439,4870.377895114706,8426.0122194867,"260.4966923183726,54.7166437015909",5105809.638256724
440,4736.216632319812,8540.688526922844,"260.24227934962335,54.63064129160654",4245655.8874573605
441,4562.053660881393,8685.558490318359,"259.92022375627124,54.51738837798059",5091548.563196794
442,4427.879668041316,8800.21755976098,"259.6682739048078,54.43018569301221",5484494.3442638
443,4293.701071563939,8914.870003210615,"259.41739767151836,54.34246117733518",4514816.701181759
444,4159.518263283899,9029.516695199161,"259.1675930659511,54.25421863466406",5246447.89406883
445,4023.0731533845865,9142.112538429395,"258.9212287902667,54.16319589965833",4385614.269243342
446,3888.8838566795134,9256.750448590989,"258.6735695739143,54.07393416293888",3823493.606411522
447,3754.6920102053937,9371.38485491803,"258.42697605836355,53.98416603863233",3616362.0864079082
448,3620.498474528117,9486.016231797705,"258.1814466914592,53.89389557845247",4010409.364511009
449,9984.685046719347,3768.7887033870893,"271.46898196743945,57.469295713356",6488909.245900585
450,9851.17004406184,3884.3241755572435,"271.1738256365843,57.407625600092565",7858551.8981673345
451,9717.62840417425,3999.8243587998304,"270.87966628504637,57.345267673138494",5340043.163820894
452,9584.060981729519,4115.289713728872,"270.58650980104295,57.28222605075361",5199698.805892795
453,9452.72989521415,4232.760878669429,"270.29251572960953,57.220967540913875",4102331.352929685
454,9319.112993833849,4348.159260659271,"270.00136359349295,57.15656672177207",4931721.694994486
455,9185.471924663827,4463.5249820651525,"269.71122888292143,57.09149415940569",4271839.402210614
456,9051.807076574589,4578.858908600155,"269.4221156324255,57.02575379931119",7233888.15535238
457,8880.51550216337,4726.584867172155,"269.0531895573288,56.94055466430443",3515458.1045302814
458,8749.061902481053,4843.8915073192975,"268.7644925605931,56.875748107155395",3501760.8338261647
459,8615.323570966833,4959.126309304639,"268.4787449331312,56.80784103327579",4439675.3938346235
460,8479.47389222444,5076.1320582919325,"268.1895956975153,56.73820721769264",6730771.340355642
461,8345.69332495193,5191.309392849414,"267.9059449372381,56.6689933124739",5080472.896361867
462,8211.892392799427,5306.4595235641145,"267.6233388029652,56.59913706541605",4683068.170850767
463,8075.9808188362695,5423.381543937993,"267.33738980115294,56.52753617378428",12191308.248246497
464,7942.140888685304,5538.478736849966,"267.056898806594,56.45639778374441",3949433.4047502093
465,7770.631411500329,5685.910412087091,"266.699059270298,56.364331607033265",3580620.8629488586
466,7634.6579366772,5802.748659897082,"266.41663786012936,56.29062322534277",3857949.353151098
467,7503.022856388945,5919.812333687006,"266.13756267656447,56.21982491856745",4642680.947853978
468,7367.014466533459,6036.603711483541,"265.8572963254316,56.14484562219263",9420300.710202662
469,7233.082192311364,6151.576120627617,"265.582412581571,56.07040263142091",5295855.547731719
470,7097.0412225889395,6268.32320457597,"265.30432301841273,55.99417382154416",3929974.3400562326
471,6963.0778835538395,6383.25358076504,"265.031585495739,55.918508761588555",3639280.5976282232
472,6827.006481826091,6499.959503889961,"264.7556784869068,55.84104718027799",3983779.923804708
473,6655.326602849724,6647.160659802613,"264.4091827310434,55.742449923726625",4681405.808205844
474,6519.223306151117,6763.823360055745,"264.1357684299218,55.66360401797347",5086150.194862697
475,6385.201004180333,6878.673832168557,"263.86763870954366,55.58537979220586",7853123.131485789
476,6249.072161422875,6995.301834993075,"263.59641531957686,55.505336980920504",18012049.63466318
477,6115.025808374737,7110.119651484807,"263.330443832182,55.42594247211495",6943421.033199202
478,5978.873569706338,7226.716096165128,"263.06141294994933,55.34471936207557",4240695.488396748
479,5842.542169472625,7339.456050146295,"262.79981672481915,55.261827564077954",5744996.475394665
480,5706.369134647272,7456.023876496731,"262.532990182461,55.17944585342809",4550307.599818351
481,5534.567728548802,7603.0599699885615,"262.1979540012378,55.07469121430405",4191578.6950878636
482,5400.468809633983,7717.806224818911,"261.937683575519,54.99229551297666",3653402.3523812876
483,5264.266256574849,7834.333967849921,"261.6744418647648,54.90804617170944",5429918.952695648
484,5130.15130975661,7949.058618263536,"261.41632769186566,54.82453940196949",4500665.680790746
485,4996.029431672873,8063.773499198037,"261.1592826226399,54.74048750517526",29349619.34650075
486,4859.805171779034,8180.271729990316,"260.89931425002766,54.6545682690163",15137712.236065105
487,4725.670516550233,8294.969571466972,"260.64442044050605,54.56942929725339",3761435.722517065
488,4589.269602938847,8407.612662371965,"260.3929014441726,54.481460435035686",4319428.204039331
489,4417.396159273785,8554.55033094643,"260.0692517212377,54.37092629509499",5119616.013803535
490,4283.246090117372,8669.226930250104,"259.817859049578,54.284057074802405",3397398.2758286605
491,4149.092556841792,8783.898446248822,"259.56752782087744,54.19666741044501",3416529.4187973435
492,4014.9359511664347,8898.565753107625,"259.31825613249066,54.108761066283435",4982340.912163624
493,3878.5177224200343,9011.184105265222,"259.0723955224309,54.01807261577132",6059483.406020703
494,3744.356902273207,9125.84572607628,"258.82524532171215,53.92914961802092",7011234.392117321
495,3610.194671295531,9240.505384088203,"258.57914900511344,53.839721463525805",4518146.907810165
496,3476.0318898066803,9355.163553156877,"258.33410511100783,53.749792165319654",3587861.7266288083
497,9837.766757678466,3636.3680908624183,"271.58402718594994,57.30819883091881",4718917.528580626
498,9706.488375974659,3753.895064365074,"271.28821338892794,57.249240293178396",3289811.7578691826
499,9572.924066900225,3869.3508995215443,"270.99514590521454,57.18711817964142",4451460.053785557
500,9439.33511457578,3984.7734468849153,"270.7030677771823,57.12431570221925",4524401.905445249
501,9305.722063172663,4100.16343703719,"270.4119839646089,57.06083679683604",4124173.5582133974
502,9174.347563602469,4217.562013504923,"270.1200527323929,56.99914584557401",4346998.660425988
503,9040.688388091507,4332.889538850466,"269.830955795193,56.93432214785344",3844650.6618124684
504,8907.006573550674,4448.186811498343,"269.5428667097463,56.868833774827394",6923059.397050192
505,8735.69492700036,4595.868061744636,"269.17523293538693,56.783961977359766",3386283.8694910104
506,8601.964016995957,4711.098621275012,"268.8894593474528,56.71697247160246",3814072.4037600006
507,8468.212255974566,4826.30133220454,"268.60470651479966,56.649331375952194",4375232.923581343
508,8332.350123437298,4943.276093450359,"268.31655343911854,56.579970708638236",4565824.099530706
509,8200.822249112098,5060.468949160536,"268.0319093029502,56.51345986377113",3744475.237942213
510,8067.011535787522,5175.592132117741,"267.7502415920193,56.443874112079165",3307317.4287530296
511,7931.091195417188,5292.4883645166865,"267.465231738479,56.37255075190614",7140998.618933193
512,7797.243783428978,5407.561722897945,"267.1856517367512,56.30168833885946",4267169.097593427
513,7625.726387439005,5554.965117835962,"266.82895956359596,56.209979613803746",4200977.042133733
514,7489.74796629015,5671.782750455582,"266.54743183750094,56.136557591039356",3676849.984766321
515,7355.845181227442,5786.781162399907,"266.2712882948584,56.06364217996792",4923118.549980641
516,7219.834142445362,5903.554809188076,"265.9919015346101,55.988958942605265",6200588.34192713
517,7085.90042802181,6018.511341963386,"265.71787006678437,55.914809942014145",3463289.0828819815
518,6949.859181850068,6135.243908133039,"265.440632136167,55.83888218919426",3696478.433956181
519,6815.896738649617,6250.161571887668,"265.16871943919057,55.76351594003407",3751702.7599019315
520,6679.827433053417,6366.8561907121675,"264.89363626841083,55.68636021012321",3701465.426163026
521,6508.151903828162,6514.045395675017,"264.54815994301606,55.58815212771813",3561230.7314909464
522,6372.053406945827,6630.700453598092,"264.27553803658833,55.50961729172875",3427897.829356391
523,6238.036999001921,6745.544982987179,"264.00817502013405,55.43170152465787",4832380.97890773
524,6101.915328649438,6862.16855693855,"263.73771665840303,55.35197415101385",4579678.324929329
525,5967.877205676576,6976.983594607153,"263.472485042344,55.27289230556713",7165746.176382169
526,5831.734511911924,7093.5788235848,"263.2041920567314,55.19198880705061",3412894.6944142496
527,5697.676877297367,7208.367387231012,"262.9410932091858,55.11175706583863",4968894.622422518
528,5561.515574075291,7324.937186208546,"262.67496673114806,55.02969395125283",4124912.3363406076
529,5389.730646695401,7471.9780416204685,"262.3407948402485,54.92534394655363",4123508.458583401
530,5255.645890543896,7586.7297751241995,"262.0811844408634,54.84326610513786",3739880.012165968
531,5119.458889223364,7703.264663419228,"261.8186000981086,54.75934137857073",4183160.119645493
532,4985.360404543472,7817.997905622829,"261.5611204814131,54.67615594672073",4197719.499284597
533,4848.99381131575,7930.67534637887,"261.3069609561284,54.59011211015257",5823011.236568555
534,4712.788891922904,8047.185643674944,"261.04762125140326,54.50452770711352",7591962.865996488
535,4578.674446984546,8161.896945992984,"260.79333377412587,54.41972003058481",4641240.55493065
536,4444.555880655021,8276.602278463635,"260.540099930455,54.33438066034912",4756607.061078931
537,4272.711057544192,8423.561168578373,"260.2171815230768,54.22426857999246",5815489.609776215
538,4138.584626800886,8538.256090543357,"259.9663458148178,54.13773042095682",4058442.5409285203
539,4004.4558718374265,8652.947471350124,"259.7165595234973,54.05067321908848",3743579.2716419385
540,3868.065558043835,8765.59069780395,"259.47014899163577,53.960823294318",3504784.8191851582
541,3733.933749949177,8880.27798253777,"259.2224641217266,53.87274438334477",4392307.375336038
542,3599.8011225679793,8994.964104624974,"258.97582329858835,53.7841577815755",6644338.060779416
543,3465.668223671976,9109.649804408924,"258.73022468115374,53.695067269926675",5441205.007808474
544,3329.277900973385,9222.29152554187,"258.48802645007476,53.60322018840612",4144528.9506632946
545,9693.095195000538,3505.9697303260145,"271.69638493028594,57.14949159341612",3981023.353452765
546,9559.531896341028,3621.4135429189846,"271.403447818201,57.08828743586071",3353952.855436345
547,9428.20562005797,3738.864164933399,"271.1096981458378,57.02887558458879",4250177.998973551
548,9294.59483816388,3854.244718046431,"270.8186903023654,56.966309752275045",3767455.543661065
549,9160.961097009935,3969.594254427683,"270.52866346399674,56.90307076015031",4531193.36110411
550,9027.305096690738,4084.9133712967287,"270.23962269589185,56.839162579397545",4434758.219631059
551,8895.716144901882,4198.401727481476,"269.9560654208163,56.77560312051587",4660131.485029271
552,8764.280017587764,4315.705040771839,"269.66712976990317,56.71283283249993",3843036.2634825464
553,8590.858673728411,4465.143392687716,"269.2963015594497,56.62726066594985",3585952.186323153
554,8457.113100730345,4580.341628178237,"269.01151440907915,56.560527518890105",3551583.099130224
555,8323.347817368827,4695.51355787443,"268.72773460254206,56.49314572807742",5244433.396581349
556,8189.563680441244,4810.65964744669,"268.4449663158814,56.425119403519865",8395152.629423564
557,8053.670233971146,4927.579369801036,"268.15881813448306,56.355374423564285",3530896.4735367848
558,7919.84928359289,5042.676011236648,"267.8780976271874,56.286060759190484",3681045.881237573
559,7788.275466454699,5159.794337278106,"267.59642453559485,56.218539188769284",4108149.330958367
560,7652.328886723111,5276.6425388860625,"267.3133877265811,56.14685218010416",4186464.820071996
561,7480.803193996568,5424.018687062967,"266.9578364247074,56.0554976013778",5694509.35622898
562,7344.81952735013,5540.816523168528,"266.67719748351607,55.98235931718564",4497521.140208701
563,7210.912727757944,5655.796999921866,"266.40191563118657,55.909725828368195",3706477.6016296824
564,7074.8987800110535,5772.55401249899,"266.12339042297253,55.835331456399445",3667988.6694940664
565,6940.963351736203,5887.4957239790565,"265.8501938902928,55.7614693267644",3533769.077323925
566,6804.92153330152,6004.214818689264,"265.5737904045396,55.68583536518738",4138897.501768101
567,6670.959677059688,6119.120775380192,"265.30268602474814,55.610760739420854",4495849.530380732
568,6534.892136003987,6235.805085742924,"265.02841034375336,55.533903528773926",4839127.420469054
569,6363.220512498263,6382.983559759365,"264.6839334211236,55.436075326362484",8054016.225379017
570,6227.126443070654,6499.63191366587,"264.4120885024009,55.35784415940214",8297656.943325757
571,6093.115544906539,6614.471399357912,"264.14547742127667,55.28022953676494",4319628.135422345
572,5957.000638819312,6731.091432270868,"263.87576949267697,55.200810145777645",3715095.450765724
573,5822.970326447376,6845.9045404433455,"263.6112637720073,55.122033598686414",4053925.5721286843
574,5686.836733669325,6962.499391080755,"263.34369488593927,55.04144220784671",4432159.087174646
575,5552.789210353,7077.289139073884,"263.0812961205969,54.961519734584655",4745386.656917168
576,5416.639344669625,7193.861721961182,"262.8158676473435,54.87977266671585",3951700.8167841295
577,5244.870525547105,7340.908362016957,"262.4825577065365,54.77582409417436",3853113.131965994
578,5108.704702208049,7457.459430305877,"262.21956780292214,54.69277969258722",4927104.312240852
579,4972.36469841246,7570.1615442044285,"261.96390435676193,54.60813127049675",4708254.310136954
580,4838.282638267027,7684.904327855214,"261.70706789001395,54.52526967324259",6076739.776629548
581,4702.100770062786,7801.433189352118,"261.4472868954956,54.440558827811316",6820598.134819637
582,4568.009775723141,7916.1634464384915,"261.19255374863985,54.35660908567011",5433587.079154495
583,4433.914940903385,8030.888803847616,"260.9388624651069,54.272125158335385",4555770.193784815
584,4299.817125357223,8145.609734185039,"260.6862126779416,54.18711108411342",5964289.201243658
585,4125.90517437833,8294.383317406267,"260.3601063222845,54.076074941451935",4129514.460938748
586,3989.5411054496067,8407.051329922971,"260.1121382383013,53.98756643561864",3935115.4763337793
587,3857.532624719977,8519.971273330386,"259.8668075468372,53.90219554585636",4451051.452431122
588,3723.427968321741,8634.682539024368,"259.6186101699519,53.81495965382453",3727854.3238488906
589,3589.3229287401673,8749.393576159942,"259.37144657710974,53.7272135120463",6151045.469094192
590,3455.2182097019013,8864.104991098027,"259.12531540426966,53.6389609796023",5261943.2120562615
591,3318.855461564073,8976.773419770243,"258.8825499781754,53.54794067225486",3732800.3549782466
592,3184.753808083834,9091.487992498542,"258.6384864529346,53.4586920222609",3729607.8802546235
593,9548.412346685029,3375.556328686919,"271.80784497409974,56.99069792030038",3609958.1711006532
594,9414.824635153444,3490.955893491062,"271.515996053609,56.92972123270689",4071670.1583815124
595,9281.213722450211,3606.324811789177,"271.22510418103957,56.86806689971743",5075888.723873454
596,9151.930482606165,3721.901338811259,"270.9379132740348,56.80918899081027",4197686.786218562
597,9018.276089825986,3837.211688234969,"270.648920450526,56.746197868943305",4119890.2668118575
598,8884.600569681448,3952.4931472089547,"270.36090051313175,56.682540704353805",13242848.53824898
599,8750.904311369286,4067.7465822475715,"270.07385763573717,56.61822128083712",5079607.704136482
600,8617.187704126223,4182.972860109316,"269.78779580451084,56.55324338952293",3819775.879685986
601,8443.744927126514,4332.367378658385,"269.4182780290659,56.46800100032761",5467060.605721012
602,8309.984158055016,4447.533613537223,"269.13448595701783,56.40152563271838",6349635.710750601
603,8178.46871730022,4564.718867250613,"268.849788372014,56.33684768811655",4932045.022282781
604,8044.67190249194,4679.836527289396,"268.56797351779534,56.26908102645858",34427983.738483265
605,7908.766748132975,4796.728955206561,"268.2827801610655,56.19960267329814",17753530.367142618
606,7774.93542019165,4911.800277375687,"268.00298649664717,56.13055434551865",5126593.326398876
607,7641.088025466966,5026.849517972388,"267.72420064645195,56.060876178968485",3617942.405282125
608,7505.133107665524,5143.674793209372,"267.4420926251986,55.989468506944235",3916517.5268824464
609,7333.59860209858,5291.024326123425,"267.08769336530173,55.898470262112696",4919458.133420132
610,7197.609302029774,5407.802893895607,"266.8079520687526,55.82561749698249",3776109.6344308862
611,7063.6981242543025,5522.765979365678,"266.53354063265954,55.75326772358857",6076452.774099885
612,6927.680916796551,5639.506934365561,"266.25588583961417,55.67916407883621",3886921.9072678173
613,6793.743447624848,5754.43441616917,"265.98353296807886,55.60559069327489",5310942.10341073
614,6657.700743362761,5871.140664513168,"265.7079727870703,55.530252465809475",4708450.546653524
615,6526.004200325893,5988.082954107254,"265.4356165994068,55.45786154676946",3889198.3630283438
616,6389.938126854441,6104.75777142235,"265.16214472828204,55.38130027534102",4070687.04204237
617,6218.270034917781,6251.926542497023,"264.81866284965236,55.283848704380055",3470534.2950863037
618,6082.180096735852,6368.569006736272,"264.54759168538624,55.20591863715321",5807604.352314248
619,5945.909614550183,6481.356418666781,"264.28385017382135,55.12623229727156",7848499.278865033
620,5809.801275900603,6597.9736877936075,"264.014901484715,55.047123083730455",4161460.7112812893
621,5675.778598634553,6712.785655623735,"263.7511303159788,54.96865403509081",5188623.672864055
622,5539.653947195842,6829.380953636017,"263.48429430504996,54.88837702594262",3903770.4505768
623,5405.616396289811,6944.172722844357,"263.2226042449266,54.80876609844812",4406064.267251973
624,5269.477845675267,7060.748963813059,"262.9578825147335,54.72733742994344",3832070.1914916188
625,5097.725007030123,7207.8025261395505,"262.62544551717366,54.62379331367148",4556356.517106207
626,4961.573203441798,7324.360910453128,"262.3631328862188,54.541071667325554",3991828.7309013694
627,4827.511374591331,7439.119478615859,"262.10589655854847,54.459070570275614",5060549.177123866
628,4693.445195681889,7553.8724602617185,"261.84969197729004,54.3765253612337",3902790.227849512
629,4557.280625046124,7670.413258622109,"261.59054025608583,54.29213757002766",4947954.372249537
630,4423.207812287251,7785.156823896026,"261.33641447931495,54.20850756619263",4139653.854644991
631,4286.86986027912,7897.850379292298,"261.08556722766906,54.12203441601755",7299704.915893883
632,4152.79282590397,8012.587965257375,"260.8335098817219,54.037348266281036",5156331.088104818
633,3978.90955126713,8161.385481241239,"260.5081538497818,53.92673969339869",3336025.2098406004
634,3844.829890357407,8276.119736816327,"260.25845580383907,53.840853499859215",5772679.460574259
635,3710.7502124140738,8390.853569709016,"260.0097833611517,53.75445118903344",11090560.08740431
636,3576.670908805673,8505.587852985955,"259.76213486593537,53.6675364082675",5276227.717683707
637,3442.592370899695,8620.323459708967,"259.51550856144087,53.580112789083806",5369488.133714358
638,3308.350634296352,8731.224064309374,"259.2760434801235,53.491288518098536",14967981.493551368
639,3174.275993744248,8845.96465972431,"259.03144919035924,53.40287155926475",3457941.7574839233
640,3040.2042387145793,8960.708408686198,"258.78787277684523,53.31395714907868",10291511.820898201
641,9365.111225810124,3206.638633460081,"271.9539078178556,56.7880617784913",3591755.916287363
642,9231.492137886224,3321.9831503323985,"271.6634261751028,56.727383561366196",9568146.524431357
643,9100.112928907965,3439.3383907908265,"271.37213493757037,56.66850840769578",4920748.482912132
644,8966.451553050774,3554.626618560394,"271.08352389319543,56.606483658720556",3993239.8369016293
645,8832.769810761843,3669.887330759271,"270.7958642569157,56.54379310499019",4123671.274524558
646,8699.068402542634,3785.121125680059,"270.5091610302416,56.48044060226797",4136312.314442466
647,8565.347717748728,3900.328870302318,"270.223418357261,56.41642987093579",4543056.312066799
648,8431.608145773294,4015.5114318318965,"269.9386401993321,56.35176463882287",3825750.530612867
649,8260.2279814317,4163.053119567238,"269.5751851323892,56.267962091741246",3495353.7782469615
650,8128.711601324517,4280.224128736825,"269.29075788807535,56.20426751550493",3967538.522762102
651,7992.8240335047085,4397.127452118629,"269.0047666187527,56.13642923359876",4887712.48658091
652,7859.010542824172,4512.209867337232,"268.7241643390613,56.06899160348224",5335949.55545936
653,7723.089949063487,4629.068522614509,"268.44018551756477,55.999851140242065",6655138.789429485
654,7589.244893366489,4744.108583796923,"268.1615709831961,55.93113910093593",4028772.4016105384
655,7455.385233716261,4859.128540404686,"267.8839476783566,55.86180072845109",3987840.410600705
656,7319.419356723649,4975.926097886757,"267.60300340700377,55.790741684748255",4961582.372205663
657,7147.873178458347,5123.243573570336,"267.25004790666253,55.70018821488916",4410088.452199154
658,7013.9686477685145,5238.202968272715,"266.97571027024554,55.62881195313128",3731485.6072895722
659,6877.959198927506,5354.941366863865,"266.6981115642664,55.555696305804126",3866368.0138024366
660,6741.937440652686,5471.66326672657,"266.4215481896816,55.48195565557129",4765094.665332879
661,6607.996965413053,5586.573980260543,"266.1502533810448,55.408742822581885",4478419.779952275
662,6471.95270593444,5703.265223303752,"265.8757510106865,55.33377391083534",4232633.220224205
663,6337.991089735217,5818.147331706544,"265.6064887205836,55.25935951630621",5341653.493970601
664,6201.926477351609,5934.811052018814,"265.33405375317983,55.18317823930157",9108854.966789462
665,6030.262408205601,6081.968770573078,"264.9918557518002,55.086210324713726",3496180.349562368
666,5894.177386531591,6198.604809524071,"264.7217831668106,55.00866695911174",7859730.041290291
667,5760.178040507178,6313.435744703619,"264.45688777799205,54.931734508984015",7916111.072181399
668,5624.077551903993,6430.05072423813,"264.18889262649066,54.853012871710916",4198598.695784823
669,5490.0640787016755,6544.862431494083,"263.92604418352704,54.77492808640591",4246718.845545842
670,5353.950272930651,6661.459489693331,"263.6601289888537,54.69504397732226",3870840.7334539876
671,5217.830729538477,6778.048571726873,"263.39526273192905,54.61458019009842",3754990.600273369
672,5083.800165984848,6892.837035910285,"263.1354962144009,54.53479176359467",15346545.822479505
673,4912.066941285421,7039.900837081738,"262.80415678730975,54.431753258936794",4421238.613881333
674,4775.932391799604,7156.469644033319,"262.5426959314041,54.349435129805116",4451072.983162111
675,4641.889025953684,7271.240467112484,"262.2862825918877,54.26783363845592",8010014.084432713
676,4507.842772904759,7386.007680601613,"262.0308855211732,54.18569026077203",3588472.9092783937
677,4371.69993663508,7502.564956339016,"261.77253817003697,54.101712802274285",3741922.8173844162
678,4237.649997885842,7617.326737200242,"261.5191889605629,54.01848895398379",7232447.888355521
679,4101.504388930853,7733.880155774762,"261.2629198903209,53.933421814328405",3739860.900632399
680,3965.1901527101327,7846.593718326843,"261.01385206773773,53.84682344153692",4522590.102787058
681,3793.437094544559,7993.629793837825,"260.69336015238747,53.738070747950424",3744038.2529097046
682,3659.3865849071403,8108.390768377018,"260.44437391593453,53.65259918424647",7104869.879318303
683,3525.337519996853,8223.153294286618,"260.196398465347,53.566613353099356",7188486.3115292005
684,3391.2902910318417,8337.918244169472,"259.94943224340096,53.48011685331468",6137556.7542638
685,3257.2452892261563,8452.686490606997,"259.7034735934279,53.39311326844081",4441517.560766424
686,3123.203217879393,8567.458638927643,"259.45852133070326,53.30560637077976",9405615.828142986
687,2986.9049893065194,8680.192209777724,"259.21687117685707,53.21532766168994",7310928.724287696
688,2852.8711921244176,8794.974589401438,"258.97393505579294,53.12683046621664",4701807.74419757
689,9220.40951750229,3076.1895474313346,"272.06335061100435,56.629071750908835",3744167.8922286066
690,9086.765318418275,3191.4916431615047,"271.77393822746035,56.568615486689524",7673363.801167951
691,8953.100510701175,3306.766590345683,"271.4854539625862,56.50748913420404",4028346.3709054557
692,8819.415950235976,3422.01485265233,"271.19790350360677,56.44569654003253",3533825.7932113693
693,8685.712181896732,3537.237162598377,"270.911291675219,56.383241423883824",14667091.928197194
694,8554.252749780266,3654.475589761316,"270.62383872094233,56.32259472841745",12022399.581905162
695,8420.51266206997,3769.6485962557663,"270.33910254485494,56.258822148955616",3580634.297526608
696,8286.754828336241,3884.7979600037306,"270.0553182259822,56.194398154789795",5407306.762744448
697,8115.352934104073,4032.2993648642314,"269.69311798586557,56.11090912533864",3951833.7730446244
698,7981.557013704895,4147.397234725164,"269.4115208632559,56.04501336403214",3813354.366300574
699,7845.654483945766,4264.271536844031,"269.126511727081,55.97743405240975",3932278.0769521273
700,7711.827430116258,4379.32695542403,"268.8468634599809,55.91025435369704",4171424.1557325227
701,7575.894248249479,4496.159795317847,"268.5638403415596,55.84137879285959",6528199.150437067
702,7442.0379669079775,4611.176016941298,"268.28615379630963,55.77293042686611",5256113.78743467
703,7308.168241463705,4726.173700705068,"268.0094455734009,55.7038585025684",4288681.32643238
704,7172.193328637807,4842.950241133255,"267.72941748100766,55.63307286129827",4218854.623105569
705,7002.902663071961,4992.289646651469,"267.37564412514945,55.545289454626555",4524709.529445443
706,6868.991989273649,5107.232191980065,"267.1021657094421,55.474184233637885",3498578.725848569
707,6732.977470536449,5223.955057653441,"266.8254266986043,55.40134645056487",4663052.189523916
708,6596.951820673187,5340.663016688788,"266.54970999086066,55.32788622470318",3637798.399596142
709,6463.008665015883,5455.561559526334,"266.2792361182528,55.254951955687254",4645280.858419426
710,6326.962852559998,5572.242021755361,"266.0055546354152,55.18026840487464",4308320.253760509
711,6193.000858632152,5687.115070999298,"265.73708795721836,55.10613734163317",5594710.372244194
712,6056.937031982934,5803.771170759889,"265.4654482222103,55.03024617301283",4506523.477167522
713,5885.275635125947,5950.9215473047825,"265.1242350782701,54.933647546566",3614230.768669345
714,5749.194064274198,6067.553567034443,"264.85492866944804,54.85639947147541",3857017.43023242
715,5615.199267360713,6182.382100663735,"264.59077518328024,54.77975993340761",4284298.61299118
716,5479.1045682969025,6298.996221224159,"264.3235208898747,54.70133793727513",4057122.1673568194
717,5345.097946903209,6413.808638443648,"264.0613895118698,54.62355025821153",4578804.728935854
718,5208.992269297496,6530.407997641366,"263.79619004705734,54.54396995997562",5632458.143393488
719,5072.882032384274,6647.000972747863,"263.5320269354616,54.463812016625226",3864179.427032743
720,4938.861783354353,6761.794825505356,"263.27294050411695,54.384326671694026",3702831.0877357046
721,4764.878934544028,6906.820518180582,"262.9446074733427,54.27933307810669",3979494.5487661585
722,4628.757719002264,7023.398533295604,"262.68381964262494,54.19733194349273",4550302.651632332
723,4494.728650945862,7138.18000197765,"262.4280567334792,54.116044401009226",5189299.894002839
724,4360.697855555449,7252.959427733556,"262.1732980108287,54.034216747730525",4250832.435381734
725,4224.571905542037,7369.530709855984,"261.9155866790469,53.9505617208796",3611760.2877155063
726,4090.539761980211,7484.30785999639,"261.6628516569552,53.86765704910498",3672276.9597312845
727,3954.413413145314,7600.878490751065,"261.4071942050695,53.782915763235614",3643722.513408276
728,3820.38183238441,7715.6566338184075,"261.1564798142071,53.69894899197747",3884229.679747418
729,3648.6558372037957,7862.718339737553,"260.83671568392043,53.590605330333204",3814055.760398456
730,3514.627751760443,7977.501075929701,"260.5882843801169,53.50545472301217",5391452.817480165
731,3380.6022522116596,8092.286903812892,"260.3408524596209,53.419791306610215",7640867.958546621
732,3244.318436565717,8205.032414239668,"260.09667563010555,53.331328054229196",6654469.672209186
733,3110.299683692566,8319.82746072769,"259.85124606718927,53.24465475244714",12733264.343725763
734,2976.2850198472884,8434.627972277987,"259.6068115401274,53.15747950553536",4201893.124240786
735,2842.2749920879614,8549.43468731586,"259.3633705546675,53.06980593468798",3643384.558596767
736,2708.2704594389656,8664.248076853728,"259.1209220835519,52.98163785347293",9038252.740858357
737,9075.702455325674,2945.7238324319537,"272.1719367210713,56.46999927836013",4156270.386214704
738,8942.032848067716,3060.9843164137346,"271.8835853041065,56.40976261979244",4360071.752209728
739,8808.343772725719,3176.2191896892655,"271.59614971301346,56.34885919056228",5956583.832118353
740,8674.636085417458,3291.428916496416,"271.30963559461765,56.2872927886032",15351700.65236941
741,8540.910331182087,3406.61422980151,"271.0240477396413,56.2250670854912",10729264.33432473
742,8407.16721088549,3521.7757288442845,"270.739391087302,56.16218583866336",4627281.370353124
743,8273.407114133264,3636.914281336656,"270.45566973199107,56.098652671354614",3998361.8510604682
744,8139.630430564279,3752.03075518933,"270.1728875929312,56.03447121439951",4960324.361405282
745,7970.469966182383,3901.535605742811,"269.81013174531563,55.953753820886185",3782161.4111883678
746,7836.658092557022,4016.604600064144,"269.5294929744658,55.88810372367516",4157912.1618219945
747,7700.740529027204,4133.4511530065465,"269.24544437162643,55.82077690276032",4328753.6182125155
748,7566.89982356094,4248.480802875257,"268.96672925806365,55.75384870435395",4341378.38390534
749,7433.04540390745,4363.4922420152925,"268.68897312984166,55.68629194326354",5581315.912678391
750,7297.086314675824,4480.282610324946,"268.40786246894993,55.617040242178604",3990824.9813870527
751,7163.206381794374,4595.259175570945,"268.132049682904,55.54822819071414",5208289.515490334
752,7027.222271234252,4712.015846319358,"267.8529182262863,55.477709227817265",4360424.843434909
753,6855.656478418147,4859.286317730921,"267.5022123260649,55.387844894797006",4468709.864828511
754,6721.739265116042,4974.212573745001,"267.2296015689849,55.317012427182114",4516458.567821177
755,6585.719292386411,5090.92049967202,"266.9537308240796,55.244454287441094",4320741.528245615
756,6449.68938547498,5207.615135604224,"266.6788693535039,55.17127630499061",3446430.9705164535
757,6315.7432077722115,5322.502139956217,"266.4092248534574,55.09862242997949",4162207.475935524
758,6179.695513868009,5439.172487826541,"266.1363728230086,55.02422613823699",3817011.7207746813
759,6045.732837004007,5554.037158107097,"265.8687101849097,54.950380314041205",3411448.4464822295
760,5909.669504607899,5670.686352507881,"265.59787423567036,54.87478123071232",3462726.4205749193
761,5738.010438913431,5817.830324317385,"265.25765672785053,54.77855444275576",5966273.709594917
762,5601.932069554568,5934.45909555616,"264.98912502808383,54.70160372437658",3822030.435149059
763,5467.941594468863,6049.286010502408,"264.7257218348901,54.625259171183714",5883664.703642479
764,5331.852472604758,6165.9000915561855,"264.4592169080174,54.5471389602777",5567423.310434105
765,5197.852512156335,6280.714049592156,"264.1978109582521,54.46965053671954",4299142.5218311865
766,5061.754787363968,6397.316577989992,"263.933335701273,54.390376270806755",10388554.793049216
767,4925.653700213966,6513.914338923993,"263.66988419535437,54.310526431592656",5269256.730458522
768,4791.643629610628,6628.7144832638605,"263.41148616170267,54.23134643148054",3600750.5606773132
769,4619.940026488271,6775.797794879015,"263.0818647476131,54.12909302614042",4555553.550845086
770,4483.831642996814,6892.385694598842,"262.8217376564856,54.047401555848786",3909298.798805044
771,4349.816360790063,7007.178450315557,"262.56661343180815,53.96642072557169",3606552.352216877
772,4213.706616960776,7123.764228848961,"262.3085189531563,53.88362362808435",3827348.764045336
773,4079.6908738451093,7238.556595556238,"262.05539511358296,53.80156156160319",4522916.62019784
774,3945.6759603725495,7353.349682814511,"261.80326356230506,53.718968778808666",3749603.7880292595
775,3809.568279689745,7469.9380774909105,"261.54820718721544,53.63454593026444",4379384.448061729
776,3675.5562306407105,7584.735264413445,"261.29807305080953,53.55089430710302",5323774.369061232
777,3501.59427835486,7729.778488595921,"260.9812513237219,53.440648210357686",3806506.1223306535
778,3367.588672547633,7844.584142013873,"260.7333829807056,53.355821210102626",4773087.744798723
779,3233.586811851478,7959.394451202175,"260.486502583996,53.270482894548316",5677124.18179553
780,3099.5890872467307,8074.210288037712,"260.24060872339146,53.184636787374906",4390150.295439909
781,2965.5958897046758,8189.032524349107,"259.99569989163774,53.09828639785945",4793138.107638005
782,2831.607922149103,8303.861764549112,"259.75177505333625,53.011435423360986",3604058.747678277
783,2697.6257314718086,8418.698746616901,"259.50883278886863,52.92408744886262",7127369.906633753
784,2563.650176454556,8533.54394102242,"259.26687214555943,52.83624625137724",3445425.19656612
785,8928.730780666294,2813.202127646343,"272.28135492617315,56.308358162500504",5624436.000750012
786,8795.035065014881,2928.421176993484,"271.9940726257715,56.24834216784207",3962199.6598236477
787,8661.3210398315,3043.616177246362,"271.7076938801163,56.18766275864275",5948248.013330266
788,8529.851836285789,3160.828342104205,"271.4204988883035,56.12880081028881",5104252.411601105
789,8396.103800448422,3275.9774662696905,"271.1359273978711,56.066802164929086",3632808.6002056412
790,8262.339539857974,3391.1043152443654,"270.852274918803,56.00415113762279",3690821.945231959
791,8128.559444243856,3506.209757104203,"270.56954551966896,55.94085130456326",4623611.323321262
792,7994.7639033666055,3621.2946601098915,"270.28774309749735,55.87690624960819",5551214.768517841
793,7823.317059793414,3768.718012115778,"269.92804573488445,55.79403975670608",3727062.3564222604
794,7689.488681964176,3883.7585048581227,"269.6483736120265,55.72863670212954",4185517.5759182996
795,7553.55554352862,4000.5777128059913,"269.3652939804814,55.66156381165606",3468349.2180573414
796,7419.700671785072,4115.582015934761,"269.0875203392041,55.594888570183215",3718555.9841226107
797,7285.833245893382,4230.569673915807,"268.8106931855338,55.527587629054636",3514745.1254084916
798,7149.862134698093,4347.3374922683415,"268.53051321873374,55.45859862637554",4543234.256135039
799,7015.971534115368,4462.293432828361,"268.2556042119864,55.390048021116044",3799475.072670927
800,6879.977776824297,4579.030759843136,"267.9773778691926,55.31979737412363",3752314.010414703
801,6708.401521751579,4726.279133461547,"267.62779543497084,55.230275458958594",3908544.158848618
802,6574.4774664565075,4841.189929471396,"267.35604730427775,55.1597132301078",3987374.6976676914
803,6438.451732711566,4957.883757646323,"267.0810399157788,55.087432178785534",3788002.73215759
804,6302.417261923154,5074.565912194337,"266.8070289739469,55.01453388450491",3407503.543309243
805,6168.4677602564425,5189.442206560447,"266.53820940515465,54.94215788791796",5366127.288039202
806,6032.4178784606975,5306.103281243312,"266.2661825122243,54.868046301381014",4037200.832901525
807,5900.720107326862,5423.00772416795,"265.99731808680525,54.79688266642257",3871063.2901760116
808,5764.656962548463,5539.650940770243,"265.72726971871367,54.721568683315056",3677948.949159512
809,5592.99981518339,5686.789642127676,"265.38802795336295,54.625704874420094",4207491.088292118
810,5456.924299461397,5803.416035568537,"265.1202556253029,54.54904445403401",4649100.68482274
811,5320.672025090608,5916.194643170396,"264.85964055512926,54.47060752238136",5550346.873319064
812,5184.588175192075,6032.809524173035,"264.5938818636235,54.392786563731036",3979738.4894289393
813,5050.594575340016,6147.625849298118,"264.33319843711973,54.31559490710777",6374016.5585385235
814,4914.504498511118,6264.232385806952,"264.0694446161812,54.23662415215056",7033728.265164493
815,4778.412256468561,6380.8357712044435,"263.8067021218396,54.157079902404654",4872091.239950407
816,4644.4120645119365,6495.6430325929905,"263.54899010305604,54.07820277821213",4711719.025361129
817,4472.722814372741,6642.737752551071,"263.22023019725674,53.97634024750227",3762570.9994665585
818,4336.627161737502,6759.336522624777,"262.96077215158834,53.894960810024536",3449664.2741996036
819,4202.62558391812,6874.141559982691,"262.7062947663008,53.8142890610067",4084620.707347021
820,4066.5309462001132,6990.74141503192,"262.44884519455104,53.73180771005365",4601199.375086455
821,3932.5312460375,7105.549219774266,"262.1963445461731,53.6500582992425",4360299.104470924
822,3798.533535567078,7220.3593106212775,"261.94482454311753,53.56777988419596",29410770.96936154
823,3662.444513978644,7336.966576737705,"261.69037741938826,53.48367802735633",15040588.578725062
824,3528.452005890066,7451.783922000333,"261.4408315563105,53.400344103502675",4080303.6968537085
825,3356.7794358636693,7598.900394059711,"261.12253119844854,53.292815872325",3624215.660085569
826,3222.7956728719264,7713.729415889532,"260.8752164508821,53.2083051900174",4489548.215079403
827,3088.8167965555003,7828.564633246225,"260.6288785284432,53.12328467524777",3710098.2909425446
828,2954.8431977760724,7943.4069176479,"260.38351609036897,53.037757814983046",3897670.4465179346
829,2820.875267384182,8058.2571405511335,"260.13912770002935,52.95172808219473",4085922.5023606457
830,2684.6527390757587,8171.073164570172,"259.89795332559305,52.862912686753575",4077119.2819222272
831,2550.6985258288114,8285.941701609472,"259.65551754523153,52.775893114453076",4964683.9351020595
832,2416.752106797656,8400.820012588283,"259.41405245289246,52.68838164068234",3800223.581451134
833,8784.018573176174,2682.701578165994,"272.388250425048,56.14912317318556",7948198.925105419
834,8650.296853023934,2797.880643761588,"272.10201255502477,56.08932213962713",3632250.8168392186
835,8516.557964215372,2913.0371976436704,"271.8166663635543,56.02886098285253",3846019.9876420936
836,8382.802763340678,3028.171705189373,"271.5322174146671,55.9677434051234",5269677.778177757
837,8249.03179577248,3143.2849002689363,"271.2486704289102,55.90597298334542",5369331.989671605
838,8115.2457627438935,3258.3773830620385,"270.9660302805562,55.843553379773134",3679390.4938044567
839,7981.445054110012,3373.4500220146783,"270.6843010112278,55.78048812358874",4704249.392385675
840,7849.893672614492,3490.546715184354,"270.40171268859376,55.71924496200164",4842866.310362949
841,7678.423959460126,3637.932900226376,"270.0432440486548,55.636682733652705",3639611.2182331993
842,7544.579034792462,3752.9461415789638,"269.7645171518912,55.571520526558714",3802962.323535778
843,7408.6302600399595,3869.7392493906673,"269.48238513639416,55.50469522089971",3711534.3952972605
844,7274.761143719277,3984.7194069995385,"269.2055323348834,55.438266636973616",3549374.4600701625
845,7140.8806155927305,4099.684460741753,"268.9296139132365,55.37121516687128",5120323.598149632
846,7004.897366822182,4216.430899567523,"268.6503444796726,55.3024823652274",6031600.31459197
847,6870.995966867582,4331.367343365905,"268.37631979200455,55.23418676171814",4338658.253761927
848,6734.992410999754,4448.08644731042,"268.09897919379614,55.16419783914845",3412567.9419537773
849,6563.405476064108,4595.3141011155,"267.75049635593183,55.07500996208629",6696891.980369436
850,6429.474388744523,4710.210484878421,"267.47959265783373,55.00471138355437",4013071.234780604
851,6293.442682862739,4826.89125453466,"267.20543053706814,54.932700687589794",3747434.5560794584
852,6157.403418813369,4943.561941842535,"266.9322524257302,54.86007530782521",3634763.6577685713
853,6023.450349484239,5058.428500248987,"266.6642407416694,54.78797048192521",3584332.4623531904
854,5887.398014167855,5175.081266089578,"266.39302205660414,54.714136750524986",4277133.347439721
855,5753.4330889661705,5289.931759357456,"266.12694308947636,54.640849598257006",4065503.2285197764
856,5617.3698310843965,5406.569738830428,"265.85769068364607,54.56582266467481",8558154.700745594
857,5445.714249178145,5553.7041392771725,"265.5194352216352,54.47032434957326",5954114.771248941
858,5309.6413283852,5670.328951328437,"265.2524306252276,54.39395626452161",4269335.303948554
859,5175.658539752316,5785.155102605011,"264.99050677585575,54.318189765275015",4429328.946847397
860,5039.579582390233,5901.771591546692,"264.72547974176206,54.240661003409414",6216612.758669029
861,4905.59195169822,6016.5910548050215,"264.46550484427564,54.163759139168164",5981015.375745354
862,4769.509107157513,6133.202357619484,"264.20245860871785,54.08508478481522",6978829.778905107
863,4633.4252762842925,6249.812100586551,"263.9404116374633,54.00583898839342",4018531.7820515945
864,4499.434517869479,6364.627176341368,"263.6833727035303,53.927257689742305",6106904.245461499
865,4327.7590245502015,6511.734162542608,"263.355458243715,53.82577696737698",3868953.328547736
866,4191.675609554693,6628.344454653422,"263.0966569098788,53.74470235114086",4250955.028871598
867,4057.6872326548246,6743.16239080887,"262.84281456127604,53.664332562495545",3879805.83544901
868,3921.607171596172,6859.776924293455,"262.5859982526416,53.582159706470456",4861548.047231575
869,3787.622975242505,6974.600735237465,"262.3341096657189,53.50071579321576",4128798.9915715014
870,3653.641910933262,7089.428373539721,"262.0831904103322,53.418744570952995",4139113.6566597708
871,3517.5709647848057,7206.055038593806,"261.8293419023121,53.33495640255972",4537150.53491927
872,3383.5974051486564,7320.8930370991,"261.5803741658092,53.25193297221155",3941651.5910285423
873,3211.950781788747,7468.0382221981845,"261.26279827446484,53.14480486427112",4050486.084666637
874,3075.7258633881447,7580.847200823906,"261.0182286794827,53.058299039738486",4353406.043022859
875,2941.7700346422575,7695.708532451154,"260.7724410625379,52.97359897463916",5894031.387081192
876,2807.8206428660706,7810.578494358233,"260.52761784361076,52.88839404496796",3895268.692326082
877,2673.87807878695,7925.4579576246415,"260.28375765550635,52.802687687189646",3751794.5310313953
878,2539.9430449540805,8040.347525743402,"260.0408596027973,52.716483525157244",3972482.904180244
879,2406.016087924323,8155.247935793744,"259.79892240936664,52.62978507189998",4588364.733252351
880,2272.0980659925317,8270.159657145961,"259.5579452659389,52.54259603176734",3659693.0389173813
881,8639.306656329842,2552.183131411145,"272.4943246583565,55.98980937457024",16571519.522868173
882,8505.558636988062,2667.3230192659157,"272.2091231033626,55.93022103987948",4476856.297435242
883,8371.794589979589,2782.4419326282177,"271.9248015510964,55.869975860190486",3976370.7222016496
884,8238.015372130507,2897.5403374364214,"271.64136552392006,55.809077491452065",3747754.2561012115
885,8104.221528979358,3012.6189680080515,"271.35881970681334,55.7475294647377",11708838.215790793
886,7970.41376194217,3127.6784249870348,"271.07716894096154,55.68533539621093",10854703.233462138
887,7836.592460997719,3242.719577183765,"270.7964172407918,55.62249876950605",5154552.353410553
888,7702.758016151527,3357.743293565975,"270.5165684562572,55.55902307603216",5224378.529945109
889,7531.264690687901,3505.0927864228843,"270.15933895549733,55.47676679795441",3748400.553965695
890,7397.402659980365,3620.0791742041843,"269.8815654280359,55.41184679760018",5009660.348822652
891,7261.437699361286,3736.846610380482,"269.6003893095671,55.34527049635375",3917637.0146423657
892,7127.5538154762235,3851.8030684724495,"269.32446551055057,55.279090006229396",5573493.56939513
893,6993.659680096146,3966.7459878912277,"269.04946399150407,55.21228948159804",5557328.696628868
894,6857.6637992352835,4083.471548926912,"268.7711133961501,55.14381441754106",10015550.777525514
895,6723.751131114199,4198.389014087268,"268.4979812101189,55.075775367139286",5496533.946651682
896,6587.737318946673,4315.090445667344,"268.2215346710298,55.006049783606244",5652935.509167106
897,6416.139153161712,4462.298109600744,"267.8741619224553,54.91719803757246",6471297.130419269
898,6282.200624283278,4577.180678120663,"267.6041108478934,54.84716478624",4050715.693135959
899,6146.1625487317315,4693.8490200849565,"267.33080231350465,54.77542618758408",3872382.247719055
900,6010.118112432182,4810.508895666577,"267.05846534965053,54.70307550339959",4151560.9576936974
901,5876.16112040072,4925.366387663926,"266.7912697363813,54.631243639998985",5628023.584690014
902,5740.105989378704,5042.0115491742135,"266.52086756874536,54.55768962221884",5036101.360441829
903,5606.139481513408,5156.8561342295925,"266.25558046609984,54.484680283655564",6264384.601299443
904,5470.0758045712355,5273.48971702546,"265.9871200435813,54.40993789999451",8083217.071941198
905,5298.421402325412,5420.620876569737,"265.64984612922063,54.31480192874608",4455750.326139225
906,5162.350770786799,5537.244947280433,"265.38360570150354,54.238723685578094",3600897.1674569347
907,5028.371406241614,5652.071947791919,"265.1224223024048,54.16324478376442",10460604.552827114
908,4892.297114783658,5768.690903033596,"264.8581351760125,54.08601031797032",4469187.26140912
909,4758.315248224839,5883.514373704672,"264.5988769166481,54.009400350480576",5217483.718983312
910,4622.239446143313,6000.1313501862505,"264.33654648641743,53.93102457182176",10255367.744423036
911,4486.163855154081,6116.748382771515,"264.07520324081463,53.85207944181425",4637086.695534626
912,4352.18237974774,6231.572214721202,"263.818845449777,53.7737961847432",3347210.619220112
913,4180.52047664733,6378.692708854922,"263.49178673161714,53.67270016344843",5374006.242567288
914,4044.449188194696,6495.315535176753,"263.2336502462312,53.591932703925394",4725594.016384462
915,3910.4739209402906,6610.14739084109,"262.98045092305983,53.51186721171103",3795896.306173333
916,3774.4083622359467,6726.777663905066,"262.7242759667358,53.43000526010347",4289663.674282091
917,3640.439614640004,6841.618549973835,"262.47300738071954,53.34886925302698",3643699.155298297
918,3506.4751594096865,6956.4648285657,"262.22269678606034,53.267207667919166",6198885.014072445
919,3370.4222694299197,7073.112026939118,"261.96945490215086,53.1837357069563",8140572.607277884
920,3236.4676573772817,7187.971819708078,"261.72107314829645,53.10102528602725",14596644.7183478
921,3064.8470058228113,7335.147214703798,"261.40423174483476,52.994300576285774",4313967.413034645
922,2930.906390022379,7450.025765523917,"261.1580304399564,52.91042057574258",5717208.607182358
923,2796.9729622826426,7564.913614844123,"260.9127839592212,52.82603376631509",5168895.926977006
924,2663.0471132252687,7679.81163346203,"260.6684910950913,52.741143562087764",3587995.1341186874
925,2529.129233456141,7794.720692086677,"260.42515054654314,52.65575336393957",3673466.970029951
926,2395.2200253391784,7909.6413937531115,"260.1827614842757,52.569866759785775",4151092.3376894826
927,2261.3200352652348,8024.574475093614,"259.94132270004803,52.48348722746876",3971828.965289019
928,2127.430121288703,8139.520404929978,"259.70083345241056,52.39661843579152",3988487.902039155
929,8492.335721838434,2419.6064765385036,"272.6012274417219,55.8279266990714",60609524.3881458
930,8358.56069151665,2534.707398331073,"272.31707014924115,55.7685520994312",5430492.050067944
931,8224.7707924309,2649.7889067554524,"272.0337812021276,55.70852397078116",4147301.8882027427
932,8090.966881647829,2764.851468317549,"271.75136608007597,55.647845922796286",4200335.807676117
933,7957.1495048746,2879.895817788529,"271.4698294314902,55.58652144075387",4876756.878572788
934,7823.319363713809,2994.922556282075,"271.1891760634234,55.524554094755665",3493162.7521765647
935,7691.740148711044,3111.9755345605818,"270.90767823724417,55.46441804705446",3997114.20441316
936,7557.885959935523,3226.970107770926,"270.6287883001956,55.401171729441",4675895.992519559
937,7386.369006645997,3374.284511165434,"270.27277026901464,55.31921370850372",4130560.8329255334
938,7252.489837531162,3489.2452686952633,"269.9959289474862,55.25452984880283",4099834.20592283
939,7116.5086399925085,3605.9882509076315,"269.715687619277,55.188196337340294",5849937.223601335
940,6982.60992037383,3720.922184034778,"269.4406724211642,55.12225777048432",6201202.40405642
941,6848.702091806241,3835.844119482487,"269.1665677796483,55.05570197106804",3401479.939421771
942,6712.693473393874,3952.5499462781454,"268.88911606887575,54.98747827769384",4068701.843168541
943,6578.769415361579,4067.4495343588796,"268.61685711504254,54.91968946414002",5330802.850381319
944,6444.837896243391,4182.339346562216,"268.3455177223071,54.85129420365406",4611240.2209429005
945,6271.1356033493685,4331.3234061003195,"267.99499912618563,54.761696926630734",4657828.185667652
946,6137.189452582519,4446.1931810994365,"267.7257826299496,54.69192254108705",5045002.332210566
947,6001.144806023668,4562.850108266012,"267.45330973144553,54.620449435249306",4941078.4879424665
948,5867.188083671038,4677.705596158176,"267.18596618367957,54.54948035979357",5029334.5859463345
949,5731.133828867593,4794.349533913611,"266.9153998648205,54.47680131801997",5354129.891597773
950,5595.075646085676,4910.988029408903,"266.6457973859898,54.40352029077732",6069454.655878176
951,5461.107285528662,5025.827605715296,"266.38128594143006,54.330782110050755",12207905.186935635
952,5325.042897085621,5142.457680552947,"266.1136014094765,54.25631748096896",6733888.61011379
953,5153.389279421057,5289.586684698034,"265.7772892650652,54.161535231999295",6660923.702771964
954,5017.320603232283,5406.210846268957,"265.51179774101803,54.0857399592915",11065758.262212254
955,4883.344316093598,5521.03949099675,"265.25134011580815,54.01054185835925",4017429.9666804457
956,4747.2743202487745,5637.661695143751,"264.98777834827416,53.933594755809274",3688864.5258856644
957,4611.204460657702,5754.284112565882,"264.72519032194907,53.85607285335098",3743191.910681377
958,4477.228669017111,5869.113302542125,"264.4675942831874,53.77918563816106",4350188.82686982
959,4341.160892903045,5985.738332775243,"264.2069412722094,53.70053415854921",5601639.770015525
960,4207.188264123498,6100.571593647806,"263.951251681593,53.622542010077844",4094885.5767834005
961,4033.4461585240783,6249.500751075397,"263.6210640046353,53.520588033668595",4248417.854238864
962,3899.4797197320286,6364.342409729785,"263.3675486072798,53.44135437539277",4438231.246686379
963,3765.517067154948,6479.1887777992215,"263.11498046321475,53.3615861730674",4079468.08319981
964,3629.465489916244,6595.835367825389,"262.859435161876,53.280027989403784",4476680.805483222
965,3495.5116602972125,6710.693873126544,"262.60877538541854,53.19919284274823",4584441.5720021995
966,3361.5632656004873,6825.559311915484,"262.35906258070105,53.11783383116918",12739478.097746376
967,3225.527856491003,6942.227546873914,"262.10641660529745,53.034670886393656",3871763.0816023895
968,3091.5916076731837,7057.109605050556,"261.8586106003221,52.9522663783083",4223843.371183837
969,2919.996153273646,7204.315778250618,"261.54249102751123,52.845935952732354",4598513.685066911
970,2786.076506262241,7319.220107309543,"261.2968408090198,52.76236546205969",5726297.975128776
971,2649.9024975764096,7432.091996059719,"261.0543042378467,52.67597977465262",4216021.351208093
972,2516.0002620377604,7547.0193282997925,"260.8105493695095,52.59140694319699",4807712.61585762
973,2382.1071553030606,7661.959263114215,"260.56773606678047,52.506335586212074",3684693.3524578568
974,2248.223879548479,7776.9124030715275,"260.32586356534847,52.42076925547213",3767635.16818588
975,2114.3509809964025,7891.879484350011,"260.08493072373597,52.3347113934284",4322462.825908831
976,1980.4893174577883,8006.860975211683,"259.84493686720697,52.24816563312247",4705212.977671374
977,8347.629920845466,2289.0505343701548,"272.7056806979258,55.66845738881604",5397616.703013681
978,8213.827999645584,2404.1138996421887,"272.42254354368276,55.60929101110441",3615191.862877229
979,8080.01235080644,2519.1593885840693,"272.14026345058204,55.549474356077",4082394.5651884414
980,7946.183831632473,2634.187468257718,"271.858845856003,55.48901098858392",4383992.461532602
981,7812.34298799705,2749.1988738806,"271.5782953719298,55.4279043495378",3588630.3068453036
982,7678.490521686992,2864.1942070274063,"271.29861677133044,55.36615796441154",3617011.696745002
983,7544.626822929779,2979.1743372446813,"271.0198140119967,55.30377522721014",3520239.604247381
984,7410.752281975026,3094.1401342092186,"270.7418908940015,55.240759539798724",3699135.1874757423
985,7239.210947697914,3241.4199533139586,"270.38709456244004,55.15910143819515",3465181.3462474574
986,7105.314072760339,3356.3555022352816,"270.11119344276756,55.09465505945875",7067067.680520309
987,6969.316080346483,3473.074483273078,"269.83189503472477,55.028565737607984",11138687.412205644
988,6835.401993667734,3587.9863614440274,"269.5577964501067,54.96287051028753",3344557.7992678834
989,6701.479958492518,3702.8878069317902,"269.2845967052612,54.89656089002364",3847008.1658645165
990,6565.458099417175,3819.5744257882425,"269.00805202898954,54.828590082523036",5949664.400738688
991,6431.522174152383,3934.4566791900606,"268.73667433608904,54.761053035616584",4286893.630836197
992,6297.579948528952,4049.3307224323557,"268.4662044777635,54.69291224747898",4585586.781442042
993,6123.865499550488,4198.296663909627,"268.1167960962805,54.60364894621145",3359123.168858444
994,5989.91130862892,4313.154266966238,"267.8484222122655,54.5341350800581",4246398.860545097
995,5853.859684597725,4429.800435212588,"267.57679310796084,54.46292918481331",6858681.176677209
996,5719.897262190059,4544.646908369989,"267.31026858634795,54.39222574542366",3979147.1734909946
997,5583.8384066702365,4661.283293984878,"267.04052213453826,54.3198190212484",4131862.493888521
998,5447.7768208194775,4777.915853305747,"266.77172749173747,54.246812817254096",4772484.827261099
999,5313.8062797231605,4892.751163690917,"266.5079997209588,54.174347636364544",4967120.213839788
1000,5177.740865148272,5009.378509598847,"266.24109921291193,54.100162670630986",5389967.91478788
1001,5006.087661509826,5156.5063764757015,"265.90575908600147,54.00573660639754",5727189.44119905
1002,4870.020667836318,5273.131463988562,"265.64102457676375,53.93022629915854",11533120.699962277
1003,4736.04720752396,5387.962599383158,"265.3813007000919,53.855311000522626",3738855.9530393556
1004,4599.981271135495,5504.588936705407,"265.1184723774635,53.77865333147312",4244963.497445631
1005,4463.91666865218,5621.217103258388,"264.85660597298073,53.701423049266445",3768755.367687239
1006,4329.94722336447,5736.053532685026,"264.59970893998224,53.62482506266677",3945754.1556547075
1007,4193.887081124083,5852.687518801067,"264.3397542021036,53.54646941600441",9184983.32021913
1008,4059.9231388087846,5967.531176299554,"264.0847407085814,53.468770561621774",7892274.042240105
1009,3886.194027487256,6116.47614939434,"263.7554130185319,53.36719985889166",6647284.373919176
1010,3752.238941528347,6231.331801642261,"263.5025478262429,53.28826392931219",3643675.9250268596
1011,3618.2888025203383,6346.19372899934,"263.2506186897788,53.20879532084302",3601281.8804714717
1012,3482.2511223907486,6462.857723803532,"262.9957109703589,53.12754328155466",3360941.0585982855
1013,3348.3121457379502,6577.734943612284,"262.7456677836978,53.04701137094018",3499544.8326053047
1014,3214.379764471054,6692.620661874402,"262.496560523378,52.96595734381764",4301888.416108856
1015,3078.361806719085,6809.311094746261,"262.2445183044895,52.88310589980241",4410057.633269755
1016,2944.4439101206867,6924.21658597387,"261.99729574728156,52.80100978616133",6854784.438221904
1017,2772.8736649243488,7071.455068475645,"261.6819078262604,52.69507687513534",4913134.144302157
1018,2638.9750165220557,7186.3863981312,"261.43681632439285,52.61181845506624",4250257.091198364
1019,2505.085857913148,7301.330128770007,"261.19265818963214,52.52805629360333",3680445.6199633135
1020,2371.206579478142,7416.287130472299,"260.9494323390691,52.44379373343063",4174268.917978449
1021,2237.3375715772872,7531.25827320243,"260.7071375986762,52.35903410477614",3582546.6515026717
1022,2103.4795362024543,7646.24415906847,"260.4657732660529,52.27378092418057",3858944.9986945675
1023,1969.633019410052,7761.245523801316,"260.22533826337616,52.18803759958737",4310807.272781953
1024,1835.7988787723798,7876.26283510967,"259.98583197951433,52.101807729161365",3608881.481608512
1025,8162.23441364781,2121.7475492669887,"272.8383619182285,55.46402720379984",3289935.5027519763
1026,8028.3976112838645,2236.7639681504393,"272.55652022574435,55.40512442674163",4881181.308100194
1027,7894.548543370714,2351.7644800066673,"272.2755214112796,55.345575519303125",3662678.825615726
1028,7760.688067518741,2466.7495526065823,"271.99537085761125,55.28538398994961",5423546.803565781
1029,7626.816729814726,2581.7199217383154,"271.71607312953216,55.224553223784376",12220607.205794295
1030,7492.935232282089,2696.6761895655563,"271.4376329557068,55.16308669012927",3969873.9077569074
1031,7359.043965306007,2811.619226103805,"271.160054256789,55.100987727490555",3548538.617547418
1032,7225.143319291023,2926.549901481592,"270.8833407998523,55.038259682277086",4219117.852391074
1033,7053.570676558483,3073.7876039643725,"270.53007325147075,54.95697568454976",3665308.8028745633
1034,6919.651035102805,3188.6925319322436,"270.2553488343574,54.892825561741176",3307089.801013712
1035,6783.631418676634,3305.3824336521925,"269.97723068756505,54.82704089568281",5893632.515062601
1036,6649.697515974311,3420.267669251126,"269.7042795906252,54.76164929396513",4077654.586741171
1037,6515.7571287578185,3535.1444464359165,"269.4322128194272,54.69564687256049",4282328.88942288
1038,6379.7181295295295,3651.8080327168473,"269.1568039515417,54.62799166386721",3776045.9371291935
1039,6245.766803491036,3766.669598250861,"268.8865299488768,54.56076884936724",4106606.573509484
1040,6111.810641423106,3881.5249288041723,"268.6171492497717,54.49294570080324",3818596.236419958
1041,5938.080299751777,4030.4695445078933,"268.2691317296972,54.40409932249121",5130040.185512447
1042,5804.115536152922,4145.312972569889,"268.00181363762397,54.33491071378041",4005433.7272661137
1043,5668.0546733731635,4261.946766809929,"267.7312419663829,54.26403846084972",3936640.200652606
1044,5534.084630469342,4376.783047840167,"267.4657439967692,54.19366672828184",5201488.522806096
1045,5398.019534626214,4493.41110485194,"267.19702531165336,54.12160008532193",5074371.301498122
1046,5261.953219359053,4610.037374136219,"266.92924351599646,54.04893712295877",3484383.7047416
1047,5127.979497854268,4724.868483097061,"266.6664984570849,53.97681293691527",23102156.780305527
1048,4991.9123525164705,4841.493584958751,"266.4005812615182,53.90297732027857",26274320.667012703
1049,4820.259120871518,4988.6215291610215,"266.0664604585143,53.808996238694924",4075161.220686725
1050,4684.193813561109,5105.248983307108,"265.80267575283375,53.73384197518656",3782982.9213404264
1051,4550.223489942245,5220.08444082198,"265.54387264810583,53.659280048274844",3652389.609339524
1052,4414.162238575293,5336.7171907543,"265.2819648789936,53.58298406811756",4049376.4685095586
1053,4278.103832024557,5453.353808472134,"265.0210043528723,53.50611823898098",3622324.5082701016
1054,4144.141963530442,5568.200550687699,"264.76498496799405,53.429881747294615",3428186.1838266095
1055,4008.0910156597347,5684.847033339038,"264.50590712161096,53.351895881407124",3749612.5576812886
1056,3874.1376023331577,5799.704986455298,"264.2517428319566,53.27456366520793",4516656.026462764
1057,3700.424327058726,5948.671441720911,"263.92349555635434,53.17347212719974",6605511.570608016
1058,3566.4831338771396,6063.545927221814,"263.6714474103438,53.09490845019985",3352158.171263567
1059,3432.5483519867767,6178.428662979784,"263.4203214099851,53.01581445709004",4586762.4597667465
1060,3296.5277676844817,6295.115812741273,"263.16621519936893,52.93494525550908",4365453.881612939
1061,3162.607099442726,6410.0178213145955,"262.91694729447363,52.85479257674021",3525946.658578028
1062,3028.694490583735,6524.930302570061,"262.66860158910055,52.77411999889178",6665553.647892337
1063,2892.6981125629272,6641.649937018464,"262.41731884207877,52.69165818578492",4310290.058056553
1064,2758.8029388995665,6756.586169530734,"262.1708303733491,52.60994784872995",4538707.433941315
1065,2587.2639463441924,6903.866922755719,"261.8563632465007,52.504512241526136",17341413.95173889
1066,2453.3913594615587,7018.833494211658,"261.6119750828598,52.42164426734543",4232815.268260866
1067,2319.529725551305,7133.814438686639,"261.3685069237606,52.33827452314372",5894452.259864244
1068,2185.679434840309,7248.810625805764,"261.1259577612639,52.254406306982155",4446837.393541335
1069,2051.8408775321427,7363.8229250616805,"260.88432649780583,52.17004290492208",4059891.604629728
1070,1918.0147553831712,7478.85193797043,"260.64361250738426,52.08518778886812",4258950.2122406345
1071,1784.2016142375496,7593.898399688756,"260.4038147908031,51.99984432304016",3990154.8463847884
1072,1650.4023113629096,7708.96277721311,"260.16493281549106,51.91401606140023",4201927.286829045
1073,8017.544676529514,1991.147079513672,"272.9410342202776,55.30438734392647",4537335.020145413
1074,7883.680317339129,2106.127771399016,"272.66019464767993,55.24568785162929",3819743.550147271
1075,7749.804833722523,2221.094093309027,"272.38018709310245,55.18634545049637",3990429.807095496
1076,7615.919083529725,2336.0465135652744,"272.10101689644597,55.12636360578591",3964419.05386798
1077,7482.023613014315,2450.9857684011977,"271.82268858530153,55.065745659833",7525616.657424202
1078,7348.119124384918,2565.9124604381022,"271.54520685330994,55.00449503892175",5921784.702804862
1079,7211.942980223908,2678.783720866341,"271.2702648004238,54.940139785017074",6621720.284279019
1080,7078.021301046316,2793.6874908814502,"270.9945023275105,54.87763716084501",5475471.944813192
1081,6906.423404819853,2940.8930061473484,"270.642436814649,54.79664637755191",4267523.536305528
1082,6772.485376562538,3055.774596398854,"270.36863773712315,54.732728480629156",6867901.747825676
1083,6636.448273645001,3172.4423970704893,"270.0914478494715,54.66718264901829",13127827.884840054
1084,6502.498322909209,3287.307448609061,"269.81939935531005,54.60202909791237",5810869.466372966
1085,6368.543048113438,3402.1656067343265,"269.5482238893456,54.53626755223462",4278471.295699599
1086,6232.490116613642,3518.811885209977,"269.2737086789815,54.46885982983725",4103810.4068127964
1087,6098.526242377047,3633.6579869677366,"269.0043031838519,54.40188345389732",4982502.798344916
1088,5964.558692840153,3748.4994194668334,"268.7357796777046,54.33430943957222",4020913.9808716513
1089,5790.815311964281,3897.4283434432364,"268.38885697609595,54.24579010161447",3629322.350111501
1090,5656.841827253456,4012.2614704731473,"268.1223700906075,54.17685665664284",3444686.6120896097
1091,5520.773295407131,4128.886405937842,"267.852631041798,54.10624616955092",3412556.8111504545
1092,5386.796871496136,4243.715543148838,"267.5879415010458,54.03613470812393",3775653.3648581095
1093,5250.726483347469,4360.337948170222,"267.32003232570224,53.9643349314321",8098660.567685498
1094,5114.656073425034,4476.9601814324305,"267.05304841409566,53.89194133979365",4352805.23652488
1095,4980.6794904364815,4591.788895394905,"266.79107762261236,53.82008478513033",4471730.808811434
1096,4844.610627385026,4708.413168485571,"266.5259352926645,53.74652338104259",3777695.383441563
1097,4672.956937312412,4855.542372547746,"266.1927755157028,53.65289161209002",6699145.446922957
1098,4536.892620940644,4972.172652802277,"265.9297395528843,53.57801687167397",4253891.781258994
1099,4402.924443212934,5087.012471921356,"265.67166242868893,53.50373239412177",3705604.161078363
1100,4266.866559730002,5203.651255202796,"265.4104805936806,53.42772041794913",3335195.729161996
1101,4130.8127187163445,5320.295522230186,"265.15023455600635,53.35114078790304",4337736.676970713
1102,3996.856515645581,5435.151374846431,"264.8949075179052,53.27518819640354",5157589.001161828
1103,3860.812510081817,5551.808713567868,"264.6365215477496,53.197492762500374",5286281.280314378
1104,3726.867102293762,5666.678934268767,"264.3830274130688,53.120448534182756",5374676.451018296
1105,3553.165938224329,5815.663631607714,"264.0556329379084,53.0197334074238",7086383.011079583
1106,3419.23541695361,5930.553981672682,"263.8042298509776,52.94146218365917",5797338.87674948
1107,3285.3124677125033,6045.454147691369,"263.5537380517995,52.86266252408934",6527329.3891846435
1108,3149.305088961767,6162.160602443097,"263.3002648846695,52.782094140929004",6454572.36681616
1109,3015.39859276922,6277.08319650833,"263.05160943432367,52.70223947150135",7151111.961893332
1110,2881.50131642568,6392.017828223214,"262.8038654644434,52.62186666959347",6696725.315923122
1111,2745.521698210512,6508.761560809911,"262.5531829349568,52.53971108694305",3448515.548281374
1112,2611.644195855424,6623.723097369155,"262.3072747492841,52.458303975353196",4767845.842706704
1113,2440.1295400900817,6771.038557111477,"261.9935356759726,52.35325929078392",5425425.18494106
1114,2306.277270910873,6886.0340001661025,"261.7497037712122,52.27069826747011",5262665.193996298
1115,2174.700099427112,7003.087860652835,"261.5046615579378,52.18995587616643",3725297.9034173014
1116,2040.8720999567859,7118.115546919867,"261.26263959675816,52.106392970472285",9531904.025440881
1117,1907.0569756220084,7233.1608837793465,"261.02152536596316,52.02233636006817",4596520.424154168
1118,1773.2554279958886,7348.224472283643,"260.7813182969637,51.93778948241444",4012275.8293210976
1119,1639.4680027571876,7463.307047141121,"260.5420174497103,51.85275566798565",4816194.356268647
1120,1505.6955569366855,7578.409074789279,"260.30362235072465,51.76723843661955",4452450.048996252
1121,7870.604472275496,1858.485243271532,"273.04452960785477,55.14217836159789",4165103.8121800246
1122,7736.711828144056,1973.4304689760256,"272.764699828788,55.083683158621",3291741.020175704
1123,7602.80921848582,2088.3628858561124,"272.4856912221305,55.02454830513263",4057809.8703118083
1124,7468.897501395172,2203.282962790329,"272.20750908403994,54.96477722321292",3984448.329926728
1125,7334.977223295117,2318.1914364635695,"271.9301579040309,54.90437321245497",3405324.446885544
1126,7201.049086582866,2433.0889099612727,"271.6536423398116,54.84333965612579",9580522.934113706
1127,7067.113481891032,2547.9762540389684,"271.3779662520507,54.78167980767019",16469282.293315323
1128,6933.170799866909,2662.8543395381066,"271.10313335411263,54.719396928484734",4260661.704610709
1129,6761.5476628334245,2810.029196751456,"270.7522429602429,54.638692006112194",3497677.3058235273
1130,6627.591237259934,2924.8886154236484,"270.47934861485845,54.575000534116704",5780058.389808596
1131,6491.536618849027,3041.535474847912,"270.20306641590486,54.50968759154195",3944556.1699161204
1132,6357.570573480895,3156.381460100626,"269.93190062343126,54.44476618544283",4880082.326503787
1133,6223.600346602192,3271.222092942321,"269.6615969110506,54.379239559926596",3947976.8005316784
1134,6087.533398991217,3387.8521499084413,"269.3879558579747,54.31207322541046",3640776.7083286345
1135,5953.556875959217,3502.683833278039,"269.11940002066325,54.245337235708746",4238842.477358742
1136,5817.484425630884,3619.306525746716,"268.84753964492336,54.176949530595564",5420772.778825662
1137,5645.821220003648,3766.42691018305,"268.505863840155,54.0898059841934",3941632.737036028
1138,5511.838854535817,3881.250702397835,"268.2401904506404,54.02112150350519",3730492.4647030933
1139,5375.762473149126,3997.8677358155646,"267.9712663878871,53.95076644301275",4223332.890392155
1140,5239.685995132159,4114.484754648217,"267.7032518641517,53.879812863754296",8669526.147312328
1141,5105.7035748814915,4229.30830759166,"267.44025165070474,53.80936963830196",4245545.148841494
1142,4969.62883468051,4345.927387603182,"267.1740490334312,53.73723895667903",3863890.6121743536
1143,4835.649140155031,4460.754551545248,"266.9128365143033,53.66564363477146",4529958.582124421
1144,4699.578287092782,4577.378829453675,"266.6484531479439,53.59234990796966",3985627.607580344
1145,4527.923768717947,4724.510309627643,"266.3162348261365,53.499059156358946",4006212.4042702364
1146,4391.860129195423,4841.144193532927,"266.05393247879084,53.42445732472763",3796969.808730217
1147,4257.893770046445,4955.989115623589,"265.79656677194083,53.35044375175446",4444979.468000479
1148,4121.838903683912,5072.634660614606,"265.536096414881,53.27470910096735",3556558.65297961
1149,3987.8822841098327,5187.492570723743,"265.2805367388444,53.19958707197643",4414255.599323505
1150,3851.8383397014395,5304.1529120960995,"265.0219024744021,53.12273363464366",6593801.687421995
1151,3715.800870530458,5420.821761294219,"264.76419491748663,53.045321866121355",5557125.33168977
1152,3581.863050558707,5535.704869712915,"264.51135800252933,52.968558936592",3735155.0152214393
1153,3410.2659552485597,5682.913284032928,"264.18872536830264,52.86942580990159",4752794.7735211
1154,3274.253121061017,5799.615357197008,"263.9340297811965,52.790225992438316",5032313.715842209
1155,3140.341527697724,5914.533494442309,"263.68416028015605,52.7117138978506",6864358.745422709
1156,3004.346851947214,6031.259779031423,"263.4313083825848,52.63143943639924",6639248.81867845
1157,2870.4540149371064,6146.203451171442,"263.18325410170377,52.551875964671964",6171177.628033298
1158,2736.571540337466,6261.16070192958,"262.9361008850117,52.47179610720838",3844752.869999037
1159,2600.608124537699,6377.928984000483,"262.686007726391,52.38993979745191",3295211.85685905
1160,2466.747726633801,6492.916244831522,"262.44066944382,52.30882904275185",4024187.4909306304
1161,2295.2566552145468,6640.266914451955,"262.1276455552788,52.20416645582235",5648995.686732984
1162,2161.4240960507927,6755.291594621157,"261.8843601981409,52.12190547750312",6865159.516785244
1163,2027.6047916022585,6870.333750291278,"261.6419742500681,52.03914586227725",4920134.414876992
1164,1893.7991318530267,6985.394250373901,"261.40048681469585,51.95589083919541",4554548.477255835
1165,1760.0075067598596,7100.473963620722,"261.1598969083684,51.872143625996024",4833727.468669869
1166,1626.2306177102682,7215.573490611779,"260.92020401887817,51.787907625508346",5961647.547635926
1167,1492.4690102152226,7330.6935655991,"260.6814072643128,51.703186134273864",3714663.4616954587
1168,1358.7235410659268,7445.834654450199,"260.4435062292743,51.617982637808396",9673370.774853775
1169,7725.937006752178,1727.843581628456,"273.14567405024405,54.98239245533623",4142654.502062093
1170,7592.016220645292,1842.7546921743306,"272.8668307271925,54.924096285841124",4427516.08057551
1171,7458.086609996488,1957.654531155008,"272.58879807539967,54.8651636606691",3640561.8226766805
1172,7324.149033141595,2072.543567995075,"272.3115813477888,54.80559796006682",3715819.2513270555
1173,7190.204036670494,2187.422539823921,"272.0351849961267,54.745402442214626",3345745.102244313
1174,7056.25232316666,2302.292050182411,"271.7596136424208,54.684580448693985",4009804.2051385916
1175,6922.294283384988,2417.1529701941768,"271.48487111695005,54.623135191742485",3770044.9950586995
1176,6786.067267551431,2529.9615494419104,"271.2126395949919,54.55859535232889",4983771.772511061
1177,6614.418114333401,2677.1063187363006,"270.8629341706097,54.47817790326331",4800509.360827052
1178,6480.442706529608,2791.944038402407,"270.5909522536373,54.41471415645699",4788911.380180001
1179,6344.369996754349,2908.5704613003168,"270.3155855660446,54.349635461010855",3231718.991854045
1180,6210.387307646768,3023.397901610998,"270.0453101826141,54.28494757404425",4249293.228135545
1181,6076.401597344234,3138.221554716672,"269.77588593517015,54.21965727944184",4661472.040742025
1182,5940.320112166553,3254.8359690218613,"269.5031268742462,54.15273380306724",3594158.8056219923
1183,5806.3304448146255,3369.6538283464342,"269.23542841100675,54.086239684107554",5944224.111877128
1184,5670.245832724289,3486.264083594152,"268.9644275802026,54.018100378089436",5530673.029934331
1185,5498.568992445101,3633.3710825002313,"268.623819982531,53.93127408139454",5005446.898891797
1186,5364.577309288362,3748.1862140857,"268.35896780402925,53.86284016983554",5721413.2154274555
1187,5228.4926527954585,3864.796054970322,"268.090866560159,53.792742203127034",4092090.5551765715
1188,5092.4090970980815,3981.4074972447584,"267.8236635521536,53.72204830492176",3560867.6086127656
1189,4958.420878036749,4096.227138411339,"267.56145133431596,53.6518632515364",8149527.206536618
1190,4822.341436715199,4212.843849271496,"267.29603782907935,53.5799972588366",3670244.9503592146
1191,4688.358283431044,4327.670259648776,"267.0355912725338,53.50866495766473",4889302.7817011615
1192,4552.28510590642,4444.295376076206,"266.77197467167065,53.435640760997",4434714.906035786
1193,4380.629363462914,4591.430219762584,"266.4407076334248,53.34269341712903",6865253.150591864
1194,4244.566107806777,4708.068597544998,"266.1791466798169,53.26836643098358",4409761.281460225
1195,4110.60129667629,4822.919523558139,"265.9225000368267,53.194625705573266",4611958.488196928
1196,3974.5491908415634,4939.572770087597,"265.66274891026285,53.11917039005516",4184156.595181041
1197,3840.5964593425024,5054.439842318816,"265.40788652955695,53.04432554973222",3713104.1008396694
1198,3704.5576520263057,5171.1110926236615,"265.1499494461783,52.967755776439404",5789916.8866021875
1199,3568.526517378463,5287.792466715169,"264.89292800763695,52.89062979243523",3585747.8582371343
1200,3434.5961043716766,5402.689486075668,"264.64075588119726,52.81415028376439",5551009.119423821
1201,3263.010195606337,5549.918012867113,"264.31895944004174,52.71538317695469",5002941.686219979
1202,3127.0075826152215,5666.637855563691,"264.0649143122553,52.63647575294134",4084269.8154948624
1203,2993.1072228700673,5781.575067104882,"263.81567461201047,52.55825346076039",12672894.931361405
1204,2857.125144137995,5898.32232661844,"263.563451580925,52.4782752289225",11044171.073844275
1205,2723.2458798657326,6013.288228701462,"263.3160059258522,52.39900526212526",4965242.572463819
1206,2589.3781383322994,6128.2692745734375,"263.06945089406264,52.31922069074555",4013957.160655872
1207,2453.4308733808048,6245.063325344575,"262.8199546278378,52.23766606717971",3515577.494884038
1208,2319.5875470566084,6360.077535290654,"262.57519362720575,52.15685407991261",3621046.823615419
1209,2148.120043824205,6507.4650194672795,"262.26289433673514,52.05257672871477",4308967.627371965
1210,2016.570529683684,6624.562747249136,"262.0180808299187,51.972947059260235",4577240.997707494
1211,1882.771783683957,6739.636483641992,"261.7762302040412,51.89048690727235",3890293.073872939
1212,1748.9878241043743,6854.73010346793,"261.53526811552615,51.80753288186357",6030540.65579885
1213,1615.219040778753,6969.84447511181,"261.2951936344467,51.72408816739716",3615373.60802722
1214,1481.4661349126054,7084.980198686949,"261.056006302263,51.64015613294829",4221986.095400913
1215,1347.7296518518515,7200.138007995695,"260.8177052924525,51.555740041980265",4688040.908488522
1216,1214.0104481528406,7315.318368341587,"260.58029024494886,51.470843346543965",7190893.3583273515
1217,7581.283334866872,1597.180777062395,"273.2460759826234,54.82253558386837",3536082.3692156533
1218,7447.334117591623,1712.0585705041685,"272.96821143398796,54.76443637641043",5931455.955433574
1219,7313.377216643973,1826.9266298111947,"272.691147228146,54.70570389484739",4933589.050135389
1220,7177.152114511248,1939.7421817455365,"272.4164967313239,54.643852493531746",4915508.066728439
1221,7043.18171708993,2054.5920081372005,"272.1410627946153,54.58386656746471",5454309.490093026
1222,6909.205761935432,2169.4339359779406,"271.86644324820037,54.52325727203938",3913905.0988582755
1223,6775.224639926494,2284.2688367661285,"271.59264189111235,54.4620277783007",3564879.1694194037
1224,6641.238741952229,2399.0975820591075,"271.31966238107987,54.400181265275194",5978533.132346861
1225,6469.563598325565,2546.2137583683975,"270.97111536206586,54.32004408861243",5142437.028876387
1226,6335.569207921963,2661.0309185509377,"270.7000255271516,54.256802385234096",3365194.3969462886
1227,6199.478388020503,2777.6380377845003,"270.4255540332401,54.191952112596",4359394.541254393
1228,6065.4790185946,2892.4480244934116,"270.15614939452865,54.12749195837313",6132062.455610682
1229,5931.4777703224045,3007.2557652943497,"269.8875852852389,54.06243215828302",5291219.327799171
1230,5795.381673788228,3123.8555965699716,"269.6156889325556,53.99574556256608",27043159.515495908
1231,5661.378771351652,3238.6606510737565,"269.34882919491474,53.92948738096344",12834771.405167261
1232,5525.281886921693,3355.2594797663687,"269.07866931233764,53.86159040060943",3644580.5272700503
1233,5353.591246047449,3502.354332932615,"268.73910695307393,53.775073625700514",4082374.6528160796
1234,5219.590095184047,3617.161744238352,"268.47505843869027,53.7068842020455",4270193.26766639
1235,5083.496992825068,3733.7653231387762,"268.2077625322468,53.63703710965928",4196998.3814330185
1236,4947.4061701459,3850.3720947194415,"267.9413538994469,53.56659663073684",3607850.7267535017
1237,4813.411947768296,3965.1886919171066,"267.67991313216316,53.49666354386058",9055171.275486547
1238,4677.327579225105,4081.803890495283,"267.41527227089097,53.425055898033456",4087501.6969207744
1239,4541.074898828794,4194.582846019517,"267.1574436608623,53.35156244841561",5863724.15187474
1240,4404.9990911602035,4311.209641024034,"266.89458972593775,53.27880545772899",6083877.589535838
1241,4233.341738843989,4458.348908246848,"266.56426903352013,53.186198590149054",5547298.073484704
1242,4097.278561094878,4574.992620374547,"266.30344574325966,53.112144126899224",5075287.578541446
1243,3965.5808789148123,4691.897590804629,"266.04559825253585,53.04107422083781",5561561.655080797
1244,3829.531191965701,4808.559241910478,"265.7865519569953,52.965891677348374",4767286.6590891415
1245,3695.581994037953,4923.436144365952,"265.5323730113887,52.89131753286149",4583929.189453731
1246,3559.5479453710614,5040.118957649169,"265.27511935290784,52.81502479940358",3788979.058893081
1247,3423.5227482616374,5156.813485995731,"265.0187705975828,52.7381779466782",3426753.2408469277
1248,3289.599333226865,5271.725011862584,"264.76725034269543,52.66197528068695",5161234.754950007
1249,3118.0240607160963,5418.974379227223,"264.44627399300913,52.563565727560395",3294068.1643808475
1250,2982.03121175216,5535.712540707412,"264.19286691601707,52.48494395705223",5135440.114303115
1251,2848.1416173776606,5650.669343238722,"263.9442451031473,52.40700480715533",9104667.216308085
1252,2712.17164170599,5767.438077964928,"263.6926391455443,52.327316017529014",6949411.193118981
1253,2578.30544570313,5882.426678483625,"263.4457908041744,52.24833285082067",5153267.028825148
1254,2444.451914800564,5997.431964052714,"263.1998229399541,52.168836839985524",4259456.390731179
1255,2308.520251709783,6114.252210586312,"262.95091267585275,52.087577051777544",3601370.225999943
1256,2174.6934383189323,6229.293766052837,"262.70671852653504,52.007057067567565",4148916.177796231
1257,2003.2487612587784,6376.7185377586175,"262.3951308894939,51.90315625929476",6936328.546821438
1258,1869.455037796974,6491.804594088781,"262.1529434763863,51.82149354269771",3252531.3091058265
1259,1735.6768704578071,6606.9112288910965,"261.91163538665086,51.73933535885118",6399925.428216098
1260,1601.9146489821637,6722.039310365484,"261.67120582809457,51.65668486923406",8462596.902986316
1261,1468.1687630789966,6837.189706524433,"261.43165392354024,51.57354522466439",3488752.977345499
1262,1336.7018401859305,6954.403152896024,"261.1908792041247,51.4922324197587",4331314.387825654
1263,1202.9901870231888,7069.599502454015,"260.95307329327915,51.40811964296756",3516648.561035715
1264,1069.2969541259117,7184.819940384936,"260.7161437025304,51.32352767283581",3972122.3340536426
1265,7434.385527092254,1464.4543205261057,"273.3472969704292,54.66010940045682",3723827.6821775194
1266,7300.407139178524,1579.2990920668385,"273.0704186874265,54.60220813741803",3827785.264733933
1267,7166.422226137189,1694.1356911468192,"272.79433043059015,54.54367681797892",7256126.45666787
1268,7032.431646792873,1808.9645882849018,"272.5190373653177,54.484518740066655",6613618.935549244
1269,6898.435948072269,1923.7865215056036,"272.24454386663785,54.42473708036471",3884551.3748506783
1270,6764.4358329351835,2038.6020952644676,"271.9708544837576,54.36433509840332",3697138.4984348887
1271,6630.431692382132,2153.4121814296723,"271.6979729846028,54.30331592530543",3633333.718485153
1272,6496.423917421637,2268.2176519151626,"271.4259029986725,54.241682700183446",4074482.3150461423
1273,6322.459346465936,2413.2606732348913,"271.08017795357534,54.15935013955435",4095486.160504139
1274,6188.445380385618,2528.0577702713827,"270.8099877644672,54.09633176158608",4741919.208274168
1275,6052.335866127508,2644.6461147990804,"270.5364191510558,54.031711250820265",4558862.494746298
1276,5918.319258977216,2759.4391932149833,"270.2678928294943,53.967480184273754",3797210.364867336
1277,5784.301933027974,2874.2315913234947,"270.00019643368665,53.902652269799596",3510367.2896973714
1278,5648.190695115127,2990.8174429611668,"269.7291704848937,53.83620400457727",4031494.948447068
1279,5514.174053566535,3105.6103112533883,"269.4631570510489,53.77018322426512",7688163.193038728
1280,5378.0644030140365,3222.1983665534435,"269.1938458132475,53.70253009332148",3956651.2978102416
1281,5206.359364669793,3369.2819337513693,"268.85533840016916,53.61632481550294",3929462.5061241076
1282,5072.348300441587,3484.082323559313,"268.59210112410784,53.548381462515074",4138861.150753633
1283,4936.246317718683,3600.6803750722547,"268.32561824415865,53.47878688873862",3915894.295668077
1284,4800.147811824363,3717.2832356480403,"268.0600116710523,53.40860151041142",3820926.9498105436
1285,4666.147194146929,3832.0975613954397,"267.7993499150494,53.3389220816048",3672099.1566282846
1286,4530.057518399196,3948.7120571826695,"267.5354893698982,53.267574537254845",3693556.100661137
1287,4396.06660982686,4063.5394211184275,"267.2765505131877,53.19675747669636",3661272.573627456
1288,4259.987913840469,4180.16868962533,"267.0144434953042,53.12426133287415",5473157.453948916
1289,4088.328599457042,4327.3133480590095,"266.6850497486344,53.031986867432444",4951621.7795952745
1290,3952.2651994319504,4443.963133724421,"266.4249491122855,52.95819848715272",3946358.8366290205
1291,3818.302567879872,4558.828426756275,"266.1697191033051,52.88499251233303",3606014.4065994313
1292,3682.2550336464783,4675.499448304941,"265.9113852439288,52.81008472357159",4039410.035125696
1293,3548.3091250612465,4790.387156511502,"265.6578972071234,52.73578326255203",4294805.893866408
1294,3412.279605123216,4907.082548444332,"265.40133454825457,52.659769623498725",3357209.349160743
1295,3276.2601338962895,5023.791271809567,"265.14566603385913,52.58320399266735",3230531.6831776835
1296,3142.3435262780995,5138.71835344959,"264.8948050742808,52.50728026291244",3798871.810126167
1297,2970.7786717473355,5285.989941305569,"264.57465830040655,52.40923099655429",3981539.2178169014
1298,2834.7954344377563,5402.747543772309,"264.3218967691117,52.33089708634138",3445561.7230105717
1299,2700.916473246356,5517.725066736712,"264.07390020202104,52.25324328626299",3932914.069627843
1300,2564.9584845008194,5634.516448651252,"263.82291876868555,52.17384621597865",4923215.19584726
1301,2431.1052602582795,5749.528926049855,"263.57667505388395,52.095152125882976",3778817.1084624957
1302,2297.26586117655,5864.559654062775,"263.3313016459358,52.0159469861293",3362646.948113611
1303,2161.349738019406,5981.407342770365,"263.0829847607729,51.93498441458677",3478506.7525890796
1304,2027.539394421607,6096.47749547851,"262.8393646996933,51.854758812091625",4284197.176706089
1305,1858.3810715421873,6245.9838663321725,"262.526453204026,51.75357612919232",3962069.7786342413
1306,1724.6061715622632,6361.101587641368,"262.2848085762845,51.672207025503354",3594554.4297764925
1307,1590.8479692842957,6476.241427178676,"262.0440334922011,51.590344039875426",4170116.442513002
1308,1457.1068543282681,6591.4042527915335,"261.8041272086452,51.507990300791604",4734866.904198693
1309,1323.38321628019,6706.590932126143,"261.5650888986355,51.42514892638466",3949177.5062736333
1310,1189.6777559802604,6821.802064350619,"261.32691820643964,51.34182321872416",4675465.824987523
1311,1055.9910184426772,6937.038382358491,"261.08961441179537,51.25801637559706",3875714.1952043492
1312,922.3238597532718,7052.300350308615,"260.85317726076863,51.173731782587176",3775053.5426326725
1313,7289.765390957253,1333.747655323822,"273.4462325102407,54.500112628383526",4286672.889562552
1314,7155.757991241066,1448.5607151625632,"273.1703176972101,54.44240422595815",5690562.696667646
1315,7021.745206938094,1563.3671404519441,"272.89518291958785,54.38406892196517",6277817.998659992
1316,6887.7278971165115,1678.1674022509173,"272.62083329921126,54.32510997445972",4037180.4144663727
1317,6753.706608870116,1792.9622390276413,"272.34727317277043,54.26553052064903",3958900.5093213804
1318,6617.420367239129,1905.7075472729748,"272.0761206851976,54.20284872063366",3471583.758504975
1319,6483.392553092529,2020.493247103704,"271.8041665231646,54.14204102296462",3387142.5003970023
1320,6349.362263750382,2135.275895396712,"271.53301354759884,54.08062227652887",3292001.245344757
1321,6177.633606657618,2282.3375474275795,"271.1867764914797,54.001041771654585",6963112.294589519
1322,6043.600074647447,2397.115694311706,"270.9174658624683,53.93824115346689",7889419.473329181
1323,5907.471857482954,2513.6863701397465,"270.64478006468016,53.87384469825926",11742594.794268081
1324,5773.437986023111,2628.463605246711,"270.3771126332284,53.80983704921027",4362560.446185188
1325,5637.310394570678,2745.0350149052097,"270.1061021181927,53.74422126068799",5529094.928358604
1326,5503.278094728497,2859.814606860796,"269.84009023894106,53.6790195058713",4063080.653013762
1327,5369.247633113306,2974.5962820678933,"269.5749046635516,53.613230309494355",4173646.598341439
1328,5233.125115761821,3091.174548223541,"269.30642366876515,53.54581507223379",3997669.6301382203
1329,5059.140780410327,3236.2006014192248,"268.97071707982883,53.45746902175472",3856138.78051579
1330,4925.119503016725,3350.9947951931745,"268.70828602745377,53.38976950817323",4119466.112750026
1331,4789.008335254887,3467.588157955147,"268.4426112459495,53.32042518337004",4400354.392202609
1332,4652.901841278526,3584.1879464405265,"268.1778019695831,53.250492633048104",3977231.5865928605
1333,4518.89452793735,3699.000827016828,"267.9179146953544,53.18106462236748",4083739.541371755
1334,4382.799239737702,3815.6154594782465,"267.65483002751694,53.1099749027677",5527877.798008669
1335,4248.803974637203,3930.444537794578,"267.3966445812037,53.03941410140287",3728169.440138951
1336,4112.722041925869,4047.0771520078592,"267.1352920629338,52.96718061918337",6725307.984714989
1337,3941.0603519500432,4194.228337846601,"266.8068348130294,52.87524089721325",5169921.043631171
1338,3804.9964224671776,4310.885126129655,"266.5474643885452,52.8017204969291",3607162.230298923
1339,3671.0344392015886,4425.758893900536,"266.29294289495914,52.72878061369441",4375880.903241474
1340,3534.9887512398964,4542.440127091881,"266.0353180169282,52.65414530418232",3813522.536810731
1341,3401.0458300798223,4657.339469580586,"265.7825176365047,52.58011428822656",3803667.868762913
1342,3265.0205320449504,4774.048281916869,"265.52664282408693,52.5043774728004",3647009.570114169
1343,3129.006479682791,4890.772042332941,"265.2716515471594,52.42809079620485",9194439.597971983
1344,2995.096376998972,5005.7155090967235,"265.02144707035905,52.35244377343718",9462628.66767814
1345,2825.806621840489,5155.056144782347,"264.7001723516335,52.25712958134706",4220006.407572439
1346,2689.8325477394287,5271.833712732292,"264.4480439644292,52.17907690034157",6232072.944160605
1347,2555.9637600111123,5386.832448537655,"264.2006607281673,52.101701896406006",3872829.7887279536
1348,2422.1085274060592,5501.849762175222,"263.95413690426057,52.02381091694957",3921763.251577539
1349,2286.1765242859747,5618.683752009163,"263.70464159815293,51.94417825199044",4068641.264915949
1350,2152.3507429333176,5733.740343022477,"263.459851603596,51.86525736189737",4050609.0954733933
1351,2016.4496191336975,5850.615876652511,"263.2121171733201,51.784585261101135",4286927.778691195
1352,1882.6551949031614,5965.714999154385,"262.9690607290411,51.70464737840646",3547750.228261619
1353,1711.2553797861915,6113.218066978311,"262.6589018560001,51.60149728658101",3703527.5034996285
1354,1577.4992953138508,6228.368773856644,"262.4178071187109,51.520424234701046",3846849.752972386
1355,1443.7610677780226,6343.5431630426065,"262.1775721162282,51.43885891921343",4465667.300686643
1356,1312.3036290862105,6460.782986661972,"261.9361405635197,51.35913168211866",4485005.4869458955
1357,1178.6019432196317,6576.006756751304,"261.6976148613654,51.276586503590366",3741504.0130420947
1358,1044.9195760781922,6691.25651855503,"261.45994726249137,51.19355848744959",4252129.747880319
1359,911.2570725119613,6806.533004514589,"261.22313709677786,51.110050799390734",5006490.42132485
1360,777.6152883748573,6921.836678216921,"260.98718416036473,51.02606679250758",3302944.23551638
1361,7145.164695046168,1203.018573476449,"273.5444552311955,54.34004792410941",4132935.606117823
1362,7011.127996573967,1317.8007165199092,"273.2694963839563,54.28253038343119",6019540.080579921
1363,6874.826975858742,1430.5340532656815,"272.9968664404614,54.221893570643275",3747899.7275159024
1364,6740.782223764325,1545.3060465616145,"272.7234676580237,54.16313479255712",6959072.13969348
1365,6606.734651808698,1660.0741780872077,"272.450848305646,54.10375861940576",4376574.7156873895
1366,6472.684963329559,1774.8390532088242,"272.17901285880976,54.04376823122475",3700413.392904125
1367,6338.63354957166,1889.601544542768,"271.9079650218302,53.983166680543576",3818292.508198277
1368,6204.58080178313,2004.3625247242862,"271.6377083662054,53.921957027884716",3586839.121107467
1369,6032.8250378174125,2151.3986662872867,"271.29260505243485,53.84264866808629",3859585.470771753
1370,5896.508810797817,2264.1122994071534,"271.0258289617381,53.777591470856194",4023238.7783190147
1371,5760.361298179639,2380.6658597438286,"270.754033533502,53.713420391123336",4105493.7171466392
1372,5626.309596743576,2495.4278208286078,"270.4872324326539,53.64963749520774",3995370.035294763
1373,5490.165083704732,2611.9853209014245,"270.2170912659997,53.58425282038312",3826796.237934716
1374,5356.117291420384,2726.7527959511285,"269.95192499066155,53.519281388928555",5396184.183463171
1375,5222.07249723599,2841.5239209640167,"269.6875747170671,53.453725219788495",3780500.5934477816
1376,5085.936610622222,2958.0930759021658,"269.4199315240068,53.386549378548494",3493099.726388912
1377,4914.201862322957,3105.1573755048867,"269.08349805824696,53.30095388316675",3702723.0287218476
1378,4780.170236179706,3219.946274784067,"268.82185593579646,53.23349230061723",3435132.302255191
1379,4644.049727186113,3336.5358400602076,"268.5569720120483,53.164392180503114",6084816.354343273
1380,4507.935070300325,3453.133423169509,"268.2929431164164,53.094706371162786",3700972.8825372574
1381,4373.920870950363,3567.9456879660634,"268.0338139842944,53.025523744636736",3861085.8555697203
1382,4237.819758487321,3684.5612750871196,"267.77148891857894,52.95468568147402",3596829.815319978
1383,4103.819910097374,3799.392849194579,"267.5140411714115,52.884375027571295",4945301.428913594
1384,3967.73449186353,3916.0295783678316,"267.253427513079,52.81239796196458",8909554.113578027
1385,3796.07008584196,4063.1882270265096,"266.9258874833705,52.720785052658535",4759072.211588699
1386,3660.0053359558233,4179.852731648271,"266.66723234808217,52.647526305529674",4126005.554017949
1387,3526.0436962983476,4294.735652908386,"266.41340498398944,52.57484625080975",5807272.897093712
1388,3389.99952667647,4411.427762732835,"266.15647478692915,52.50047702663138",6250860.030883208
1389,3256.05925184623,4526.3393702747935,"265.9043482863204,52.42671012877665",4134362.0037182355
1390,3120.037810797263,4643.0622192792,"265.6491476352627,52.351243680328565",4019165.716400699
1391,2984.0287937477738,4759.801608461078,"265.3948202179482,52.275229471333205",30654401.738413155
1392,2850.1248001404197,4874.762018976664,"265.14525935015587,52.19985274044581",29127900.448213313
1393,2678.579472321748,5022.080854783376,"264.8267488705202,52.10251008813871",4512150.206432879
1394,2542.614398998965,5138.879537138575,"264.5752609792304,52.024740813404776",5979690.18341344
1395,2408.7556425717667,5253.900641637853,"264.3284982916154,51.947646783474156",4190899.7043632753
1396,2274.9116011416518,5368.941890678403,"264.0825850368671,51.8700386558763",3599324.308328296
1397,2138.992151144398,5485.801793228545,"263.8336996610956,51.79069514766981",3797524.2971456107
1398,2005.1798985209607,5600.885476704751,"263.58950022923136,51.712060786922244",8085642.352051123
1399,1869.2937017298182,5717.790128905445,"263.342355489584,51.63168150645593",8189121.525384967
1400,1737.7788052769852,5834.9624677102,"263.09786420103086,51.55438282131539",13309116.18698386
1401,1566.4006767361534,5982.505939229716,"262.78841124779797,51.45160112680351",20372491.5865476
1402,1432.6628202480942,6097.689938164669,"262.54785653994287,51.37081747272445",5285938.57813547
1403,1298.943961884142,6212.899159729507,"262.30815202919183,51.28954315629534",4048890.2050014264
1404,1165.2444910203153,6328.134471062125,"262.0692970662705,51.207781240544705",3613161.3668487766
1405,1031.5647969943893,6443.396739071479,"261.83129092031555,51.12553477875197",3956380.424058899
1406,897.9055802837556,6558.686561973522,"261.594133331556,51.042807007344685",3741497.210639906
1407,766.5286669709985,6676.043407275277,"261.3557586104081,50.96191692933647",4328598.308655718
1408,632.9119604090747,6791.389596212864,"261.1202891906135,50.878231477202796",3886851.5517498567
1409,6957.831487957008,1037.2814016590783,"273.6649934302932,54.13397708439723",4688269.543105554
1410,6823.7567894376725,1152.0250339128324,"273.3912603583024,54.076691496447076",5079547.790038182
1411,6689.679315906695,1266.7655527499446,"273.11828520314396,54.018786201604165",3572072.964975795
1412,6555.434894461017,1377.6660843045302,"272.85187935711326,53.95868961863779",4809478.5658811815
1413,6421.353742462543,1492.4016956577207,"272.5804365828625,53.89956693287172",3520625.188782085
1414,6287.27193539472,1607.1360238082643,"272.30976520470466,53.839833890080584",6060565.012280634
1415,6153.189864656782,1721.8699418500905,"272.0398688859739,53.77949349410479",13047212.034853913
1416,6019.107921648367,1836.6043228793428,"271.77075116062423,53.71854875677201",7405666.909729926
1417,5845.221852341805,1985.4020616340135,"271.4229055275335,53.638616185973945",5436501.8514330685
1418,5711.142790251077,2100.139865724822,"271.1555910163991,53.576295313986655",3659430.182518017
1419,5574.802913275756,2212.833653380437,"270.890726314772,53.51090979057023",330152995.9662646
1420,5440.728293892165,2327.5775190279423,"270.62500957148734,53.44740736828114",904349327.0001209
1421,5304.562001868272,2444.118663823654,"270.35595667005964,53.38231113259131",3953294.547264158
1422,5170.494239797494,2558.872027319819,"270.0918490650639,53.31762718147826",3854572.636659566
1423,5036.430938690333,2673.6310177704872,"269.8285446921433,53.252361894884444",4164831.676251154
1424,4900.277753378617,2790.189872368436,"269.56195066166526,53.185484914160696",8337900.627186704
1425,4728.523334889485,2937.244087495322,"269.22682193608676,53.10027129902771",3521667.2762130965
1426,4592.383661392635,3053.8208931080767,"268.9621176139874,53.03205760855997",3767994.0901674135
1427,4458.3451167349895,3168.6132590380334,"268.70230595385937,52.96432109412131",3749567.2577930214
1428,4322.2195696375575,3285.2092044921765,"268.4392701844054,52.894948270739064",5453716.066455047
1429,4188.196122380165,3400.0218505549155,"268.1811060077414,52.826076936391125",6195376.61864913
1430,4052.087115358258,3516.639849889266,"267.9197478886487,52.75555815013378",5519888.380658008
1431,3915.8160723031706,3629.4280134249934,"267.6650504358619,52.68313927992285",4724841.036017062
1432,3779.7256925422616,3746.0712920807655,"267.40538901718804,52.61149153240447",5379486.462537054
1433,3608.05720696559,3893.241149984172,"267.0790312926917,52.52029839222168",4049989.521019122
1434,3471.990951019737,4009.9168758758433,"266.82129832714827,52.447375753494185",4051241.034383161
1435,3340.2943572618096,4126.86010244806,"266.5665074395244,52.377438092783656",5608731.658081568
1436,3204.251698472256,4243.567340392304,"266.31046235585205,52.30340663021308",5333518.333359356
1437,3070.314386032863,4358.495837153017,"266.0591945978505,52.22997502428506",3951904.029687902
1438,2934.2974514671578,4475.237864150276,"265.8048531830424,52.15485182849675",3801070.24986066
1439,2800.386654347519,4590.202045636685,"265.55526512149197,52.08035178286405",4036513.6415015925
1440,2664.397854592981,4706.981767654771,"265.30263170209975,52.00415004915511",4617787.410934659
1441,2492.8641436554203,4854.332815718965,"264.98515426161697,51.90725081771147",3950381.6805287586
1442,2356.9099853133957,4971.159338720019,"264.73447068038615,51.82983591447229",3759314.1298051937
1443,2223.0634503128394,5086.209848208187,"264.4884873886251,51.75309324254349",3670942.9772090074
1444,2089.2330931717165,5201.282479232177,"264.24334112968035,51.67583884882697",3842453.7831895235
1445,1953.3290384644856,5318.176277302758,"263.9952220845628,51.596856987686834",3983889.8228405197
1446,1819.5334183150958,5433.295326579398,"263.75176478484707,51.518581015804706",4564475.059360982
1447,1688.019306798446,5550.481992814521,"263.50716613771806,51.44215943804243",3574747.0120445127
1448,1554.2599549956603,5665.649694982341,"263.26537632004886,51.36287795116345",3786062.671286791
1449,1380.8191813673157,5815.046175495533,"262.9530535000997,51.25932164696797",4833440.822977492
1450,1247.1042463738754,5930.274011663973,"262.71318860447815,51.17890576643998",3842456.889276604
1451,1113.4097712943358,6045.5290445198325,"262.4741618577145,51.09800128606161",6607566.04942194
1452,979.7361453494441,6160.812140750659,"262.235972666836,51.01661122797876",6776927.177402348
1453,846.083757718955,6276.124166797255,"261.99862035870103,50.934738604953836",6566011.138536496
1454,716.8026273719915,6391.702355355616,"261.76375437723385,50.85600088687827",3913876.995234698
1455,583.1939404428795,6507.0730266821865,"261.5280541314638,50.77317545068794",3632433.2680560485
1456,449.6085655617426,6622.474383633717,"261.2931900631103,50.68987694691031",3811917.371599044
1457,6813.281704006226,906.4991586274987,"273.76164013878673,53.97376394450071",3772888.749940539
1458,6679.177072690274,1021.2137076731001,"273.48884598462314,53.916664794046504",3513989.741630009
1459,6542.811451925921,1133.8821139141219,"273.2183340500506,53.85645100036288",3985645.030368155
1460,6408.703975577462,1248.5935870900057,"272.9470560846992,53.798124783691414",4659938.450656637
1461,6274.596289279127,1363.3047227509937,"272.67653560267695,53.73918816218024",4242093.512872022
1462,6140.489096797675,1478.016127290019,"272.4067769931162,53.679644229056706",3830933.0588040585
1463,6008.47822769758,1590.936246781449,"272.1419810690859,53.62044041651864",4180060.7761784024
1464,5872.111834317073,1703.6044465349783,"271.8753484033052,53.557217462486015",7831848.033884501
1465,5698.197043428008,1852.3783757641731,"271.5286492155454,53.47755853351789",8914216.557024863
1466,5564.097165286308,1967.0996193302722,"271.26220738909825,53.41545197543939",5329604.253676987
1467,5430.00037867297,2081.8253304153027,"270.99654602859476,53.352754150689464",3667626.202933548
1468,5295.9075433749495,2196.555981639171,"270.7316690180184,53.28946828994299",179363937.702652
1469,5159.723918918972,2313.085284860289,"270.4634589740792,53.22459478768071",4082429.303899633
1470,5025.640241292235,2427.8285442409724,"270.20017140293015,53.1601328507459",3355862.140164234
1471,4889.29871897343,2540.5311533590493,"269.93937634388726,53.09263410252686",5864013.693810183
1472,4753.131478527597,2657.0827888774493,"269.67360783933026,53.02599155794871",11255871.55203473
1473,4581.361034938486,2804.130204106186,"269.3395058858117,52.94107753390483",7135711.739132883
1474,4445.210011014078,2920.703448694791,"269.07560384059553,52.87310432015106",4717978.951707026
1475,4311.161459143632,3035.493889018232,"268.8165720653517,52.80560712995782",4081078.6101352465
1476,4175.026935373862,3152.0894842425696,"268.5543181600207,52.736479918454414",5285536.981339956
1477,4040.9958182351165,3266.9033663378623,"268.2969137710877,52.66785288835159",4053937.996737155
1478,3904.880208471804,3383.5242266812406,"268.03631711108153,52.597584694689644",3115400.239063528
1479,3770.8687293866633,3498.364567836881,"267.78054826791316,52.52784056361937",23677911.40816335
1480,3634.7741836518326,3615.013831953965,"267.5216164978544,52.45644429044454",5291630.641854388
1481,3463.1021227203773,3762.1935136893007,"267.196164855777,52.36557172599113",3658587.2915300922
1482,3327.034364503371,3878.8788284865295,"266.9391387298744,52.29290579629891",3660923.958540809
1483,3193.0724064115857,3993.7858148232676,"266.6868925250494,52.22081449556326",4970235.84730517
1484,3057.0305982613854,4110.5059965351375,"266.43154508863034,52.147048274628894",5818442.825553379
1485,2923.095292093495,4225.448818894248,"266.1809542957571,52.07387999255345",4067324.358891263
1486,2787.081582095074,4342.20700090614,"265.9272903403571,51.99902639462979",4114005.490115169
1487,2653.1751285789446,4457.188669628161,"265.67835940989323,51.92479388931866",3386670.078879382
1488,2517.1919271512074,4573.9877574427865,"265.42638335349733,51.84886596237101",4548751.236816948
1489,2345.6669848162305,4721.365543736015,"265.10972081711213,51.752315090977106",3805513.851603442
1490,2209.721129507698,4838.215090588146,"264.85967182948053,51.67517861403486",3785424.3937056074
1491,2078.1481607851188,4955.334771550887,"264.61237458361256,51.601088232304896",3944242.5991162723
1492,1944.328147294289,5070.432816348402,"264.3678243884631,51.52410754707969",9338950.469387857
1493,1808.4357660621704,5187.354004837879,"264.12030099421924,51.44540553905715",7707310.883203098
1494,1674.6527899384896,5302.5015781486945,"263.8774206390104,51.36740692032971",5176410.981741984
1495,1540.888778459101,5417.675031372492,"263.63536864450896,51.28890784217308",4284724.826159665
1496,1407.144588407316,5532.874830112425,"263.3941456755776,51.209911596262835",3802324.767763984
1497,1233.7252034553294,5682.315268423003,"263.0825438343753,51.10672776931384",3450975.376551986
1498,1102.2907411415013,5799.620215185739,"262.8412302130256,51.02894541002626",3446290.056876297
1499,970.7035107075553,5913.110236877801,"262.60645113912784,50.94959066623581",3865406.5004566205
1500,837.0493692013006,6028.43108480379,"262.3687672060006,50.868496059092635",5098820.785728116
1501,703.4175978460898,6143.78239158699,"262.1319109761107,50.786920394133766",9894624.128363224
1502,569.8088967147551,6259.1647543641575,"261.89588229178514,50.70486683522305",4178138.4679825353
1503,438.48484172533426,6376.617197093653,"261.6586470220773,50.62466032463321",4241650.059527668
1504,304.9238462097337,6492.062896143561,"261.4242648272619,50.54165577342282",8319011.310297972
1505,6668.757286727662,775.6929261816549,"273.8576047119377,53.81348573328228",4306574.816007003
1506,6532.363945313853,888.3346755757402,"273.58725077128446,53.754069066878415",8413715.12762641
1507,6398.228144148934,1003.0204864195198,"273.31614170969186,53.696543848084666",3540509.7206383254
1508,6264.092725053732,1117.7067599025695,"273.0457765651659,53.63840827297681",4334661.233772079
1509,6129.958235839422,1232.394236400747,"272.7761595063173,53.57966531623338",4016638.853337581
1510,5993.565342905985,1345.0376597886402,"272.5088597457161,53.517828120454524",4207994.726820273
1511,5859.43412758916,1459.7293146427505,"272.2407649270509,53.45788254540369",5942712.961999303
1512,5725.305347194114,1574.4245511068407,"271.9734294680506,53.39733855797099",5242380.497565317
1513,5553.4576754352365,1721.383903324528,"271.6320222742815,53.31889704213416",7197206.54406778
1514,5419.337012125892,1836.089642651093,"271.3664336067011,53.25699946986124",4196399.852513901
1515,5285.220581016163,1950.8013923384328,"271.1016158270532,53.19451342181904",3361718.052251266
1516,5149.013757871587,2067.312185474171,"270.8334532146701,53.130451956115515",3597534.337402668
1517,5012.645389310253,2179.9901307261134,"270.5718617887688,53.06432279501254",3392606.146962986
1518,4878.545252258889,2294.7239440050475,"270.3094014850242,53.0000842475511",3722677.6959254574
1519,4742.356686284562,2411.2594538026433,"270.04364228477846,52.93425239669583",4285974.639696241
1520,4608.270501362445,2526.0118401157793,"269.78276386855475,52.86885587525978",4282830.077427986
1521,4436.483905544555,2673.053591201265,"269.449666452206,52.78423416884741",4683570.812257629
1522,4300.3214092411545,2789.6241474558906,"269.186549408959,52.71649561482467",3572096.0902158064
1523,4166.262711781886,2904.4134975845723,"268.92828081125185,52.649231978158035",3987982.753825603
1524,4030.1190522141924,3021.0095668174713,"268.66679210726153,52.580344474875275",4165044.1157402205
1525,3896.0800902143465,3135.825472647212,"268.41013139959733,52.51195589517385",3777899.3184168017
1526,3759.9576814071334,3252.4499697798556,"268.15028014415935,52.44193230826035",5358023.164950053
1527,3625.9406583159507,3367.2954489473295,"267.8952354992752,52.37243137761489",11221180.422853539
1528,3489.8416503839967,3483.951512904444,"267.63702935946657,52.30128446126805",4624631.76397749
1529,3318.1656399322655,3631.142046517667,"267.3124789350373,52.210729799853496",3688428.856034299
1530,3182.0960824780805,3747.837765670804,"267.0561559532981,52.138318460130506",3778894.207051728
1531,3048.1335032859442,3862.7565535165577,"266.8045923820122,52.066480034530144",3600452.610369688
1532,2912.0922327460025,3979.490302633219,"266.54992841633975,51.99297283965858",3158329.5932072275
1533,2778.15860633279,4094.4480407786104,"266.3000009195877,51.92006172925827",4036740.3536568466
1534,2642.147770693985,4211.222952988381,"266.0470008333428,51.84547144919721",3945332.1238497794
1535,2508.245297659346,4326.222651427965,"265.798713939023,51.77150027061811",4383737.566541379
1536,2372.2673071751033,4443.041631774688,"265.5473822350749,51.69583981009367",4284853.102583787
1537,2200.7506180244536,4590.446785976259,"265.23151860218496,51.59962925908931",3614863.8751557306
1538,2066.9038844851566,4705.521563156303,"264.9859228609581,51.52395135430536",3693406.327819645
1539,1930.9843469193715,4822.419277486921,"264.7373267500062,51.44656796131991",4096332.996439844
1540,1797.174536049452,4937.543959856671,"264.4933795949599,51.369863148662574",3467525.6045859125
1541,1665.6477012528098,5054.738342595855,"264.24831721050015,51.295023486743254",4365578.509414402
1542,1529.786712405179,5171.7147064976725,"264.0022191749876,51.21608969115606",6274032.318037026
1543,1396.036189456101,5286.919035522713,"263.7607327768734,51.13786767530889",3341461.968796574
1544,1262.3066286208555,5402.151252864029,"263.52006612570375,51.05915022225727",6893529.417425712
1545,1090.9968730368587,5549.834685114482,"263.21290957336885,50.95757419625044",3916387.5200952594
1546,957.3166610640747,5665.133705918525,"262.9741120934762,50.877737711918606",3415278.9730946985
1547,823.6591991743153,5780.463018899407,"262.7361341953241,50.797415848090125",3471962.0753152226
1548,692.286554029557,5897.863399323858,"262.49697901171936,50.71894932383818",3528611.209390176
1549,558.6754388346317,6013.255254363227,"262.2606307477788,50.63766109431379",3458695.2216806724
1550,425.08853372043905,6128.679705853976,"262.0251009962283,50.55589650265433",3844532.7837728444
1551,291.52638283821125,6244.137484292164,"261.79038928544594,50.47365858042492",3575596.7209410025
1552,160.25030211729063,6361.666411137852,"261.55446802065916,50.39327039578214",10549342.916182129
1553,6522.002856141125,642.818115783336,"273.9543796109731,53.65063783778932",8068649.694605418
1554,6387.837027416717,757.4764485666192,"273.6834558072248,53.59390865199044",9989464.767727753
1555,6253.671859711194,872.136310682703,"273.41326182228494,53.5365691001004",4257625.153402477
1556,6119.508213393315,986.79817601998,"273.1438025448052,53.4786222393806",4191127.244989062
1557,5983.087259237803,1099.4167758358763,"272.8766222821273,53.41757674030074",3997322.2625990785
1558,5848.928048088635,1214.0844096105657,"272.6086588062927,53.35842718496151",5340286.595534282
1559,5714.772020012728,1328.7562930313434,"272.3414419022376,53.29867921813699",4923933.75710438
1560,5580.6195667629345,1443.4333002857406,"272.07497501191665,53.23833574092462",5076815.993762328
1561,5408.743230330798,1590.3715508064665,"271.73466696546717,53.16015531099882",3670904.6130986568
1562,5272.340172607799,1703.015112566844,"271.4715367478873,53.09598694107471",3802961.241617172
1563,5138.203496251758,1817.7134965636865,"271.2075697229351,53.03371393063392",3645945.48859035
1564,5001.977297113736,1934.2123199026114,"270.94026133282875,52.969871685097154",4078578.3231119546
1565,4867.8536213658645,2048.927825186138,"270.67783942810394,52.906427600863736",4510728.120338026
1566,4733.736987788199,2163.6531405560663,"270.4161881951923,52.84240696694887",4732233.909006187
1567,4597.532835162112,2280.1816004983857,"270.1512409856655,52.77679913220154",3786398.1092164447
1568,4463.432453113485,2394.92860213671,"269.89115248537036,52.711625800173564",3958319.577134561
1569,4291.62933456919,2541.965711817387,"269.55905323868274,52.62729379583456",3686610.4356092615
1570,4155.455071795317,2658.5343910358506,"269.29671631707856,52.55978782278775",4488848.470026946
1571,4019.122556658341,2771.2752097351495,"269.0409331788185,52.490310094937165",4664846.176627776
1572,3882.969316808017,2887.8725918554146,"268.78021693396636,52.4216639094058",4308316.04581951
1573,3748.9220899162283,3002.69137224321,"268.5243070465292,52.35351539964683",4517322.802634087
1574,3612.792473362345,3119.3203955234712,"268.265208437967,52.28373809958161",4103080.5465822127
1575,3478.769521465943,3234.1719132331064,"268.0108951132989,52.214482058260714",4514814.45950388
1576,3342.665678416683,3350.835716874603,"267.75342182693737,52.14358624914795",5617115.333134306
1577,3170.985273711649,3498.0383243055458,"267.4297817166668,52.05335174934353",4443836.1881339885
1578,3034.913584875783,3614.745445192054,"267.17416907604184,51.98119682974604",3679351.368395597
1579,2900.9500751646237,3729.6770414361818,"266.92329521169864,51.909613115602625",4333344.577958029
1580,2764.9090458724245,3846.4254058227607,"266.66932188674076,51.83636684657572",3894847.619989422
1581,2630.9768250259185,3961.3991163530522,"266.4200647311235,51.7637148125483",4129792.479006256
1582,2494.968603164316,4078.1918571104325,"266.1677356533191,51.68938981938804",3465839.7093025367
1583,2363.333824676515,4195.256911128285,"265.9182388725234,51.618079987951326",4463317.890631408
1584,2227.360745964417,4312.096602740806,"265.66754862678323,51.5426849020011",5815796.888398429
1585,2055.851932069537,4459.5301584652725,"265.3524804332634,51.44681203626367",5086026.916616227
1586,1922.0126464111904,4574.628864802971,"265.10749486763706,51.37139990041287",4051153.1436657906
1587,1786.1018407966508,4691.552463222981,"264.85950893409876,51.29428837431681",6942785.934789241
1588,1652.3017772042363,4806.7041879926055,"264.61615321250935,51.217853128131",6542151.600162508
1589,1518.5221896483986,4921.88315651525,"264.37360715689175,51.14091501409077",6024788.209738546
1590,1382.673619700539,5038.890605786344,"264.12810006204876,51.0622630555685",8004552.521820971
1591,1248.9364919348309,5154.127121992134,"263.88718610409103,50.9843203514736",4874483.338221464
1592,1117.4842364016663,5271.435499937406,"263.64513506433934,50.908243081938174",6578601.920593337
1593,946.1945097520193,5419.163761764208,"263.33867561769375,50.8070241492313",3805920.41619045
1594,812.5312305516,5534.499531079715,"263.1004118606234,50.72746827315178",3952029.045143593
1595,678.8918413609545,5649.867134733505,"262.86295864265503,50.647428649500526",3532089.053638779
1596,545.2767310369909,5765.26743836064,"262.6263154948843,50.566908206492336",3307250.1239208197
1597,413.9475786582134,5882.740540292366,"262.3884907957996,50.48824574932436",3585856.803315741
1598,280.38216989902867,5998.207893909625,"262.1534588524532,50.406768139464205",3588103.424706233
1599,146.84265471971412,6113.71011497295,"261.9192360672568,50.32481870800438",3197448.1810896364
1600,13.329887767385117,6229.247664000275,"261.68582247632366,50.24240064133472",2099244.281152158
1601,6377.53572599803,511.9626565240542,"274.04899620281105,53.490231762708504",4114247.800071967
1602,6243.339108567292,626.594290043724,"273.7789894481709,53.43368328039198",5022037.811971967
1603,6109.144290850168,741.2289934920091,"273.509703492659,53.37652750298084",3401447.1475683805
1604,5974.952133462541,855.8672412860615,"273.24114318140033,53.318767451623785",3971677.423990392
1605,5838.504261931919,968.4634247351132,"272.97484204007685,53.25791066443329",4526124.192211873
1606,5704.318813675898,1083.1105369164684,"272.7077591862522,53.19895385069663",8103112.973939213
1607,5570.137687902343,1197.763441147145,"272.44141373445535,53.139401552743315",4237676.101740482
1608,5435.9612764802105,1312.42301197927,"272.1758090963765,53.07925663602098",4629140.045973764
1609,5261.795354212115,1457.293645437615,"271.83817927062285,52.99885254441018",3866680.3091047686
1610,5127.631925003703,1571.970548421858,"271.57429199862304,52.93737017516465",3895990.988889444
1611,4991.378846342015,1688.448646741444,"271.3070511862744,52.87433053580665",3857417.46602006
1612,4857.229455341394,1803.1444246767678,"271.0446836168789,52.81167649693859",14254897.56531233
1613,4723.087855111997,1917.8506835227713,"270.78307471738003,52.748445658489416",63416159.29678115
1614,4586.858637579774,2034.3608821069402,"270.5181573993021,52.68363943380737",9372812.218873776
1615,4450.472100795306,2147.0420739499723,"270.25975015499114,52.616792692773934",8993576.130763412
1616,4316.357004522857,2261.7844228742524,"270.0004586751667,52.551843975509094",3587369.987725527
1617,4144.53672620371,2408.817865073065,"269.6693666952136,52.46780354991352",4141187.5478026713
1618,4008.350212321092,2525.385468081373,"269.4078171008086,52.40053168564329",5018308.745779384
1619,3874.2701842431766,2640.1750498814426,"269.1510726236995,52.33373259317506",3955975.02915345
1620,3738.1072145364424,2756.774543211619,"268.8911123361382,52.265321931236166",3852848.4509965125
1621,3604.0515571251053,2871.596960424024,"268.63593731149297,52.1974077451884",5963864.626845984
1622,3467.914545966828,2988.2312598821877,"268.37757543717504,52.127870855181676",9928227.41791704
1623,3333.885462926117,3103.0895308501213,"268.1239780535128,52.058853877709765",4774837.770415983
1624,3197.776560615802,3219.76177591181,"267.8672222931418,51.98820322069428",4449682.736797661
1625,3026.0914520903734,3366.9773077132377,"267.5444735788966,51.89828131597165",3535709.500124695
1626,2890.0173652392887,3483.6964770352474,"267.2895566131634,51.82637677722626",4343988.686922392
1627,2756.0526441208162,3598.6414946553987,"267.0393582988092,51.75504179350289",3976243.455447386
1628,2620.0115521561056,3715.4050727213107,"266.7860615231359,51.6820503416453",3818268.541086904
1629,2486.0804192754995,3830.3953210666577,"266.53746111493973,51.609651336629085",3867113.544600564
1630,2350.0744699852307,3947.2064404935973,"266.2857895233118,51.535585456350596",4302645.155531668
1631,2216.1791256831125,4062.2449288634066,"266.03879169100054,51.462134766895716",5061074.657613306
1632,2080.2107289882306,4179.106493768033,"265.78874994258274,51.38700707962303",4316276.128997407
1633,1908.7095261609916,4326.569953312518,"265.47448604181676,51.291474501605855",3758561.5982222515
1634,1774.8775020750563,4441.693789510953,"265.2301175399328,51.21633020369387",4533026.181485876
1635,1643.329302465182,4558.889780221757,"264.98465881687224,51.14306137675142",4257234.397881414
1636,1507.4480098930853,4675.868840901534,"264.738092551725,51.065707520675744",10476138.899493083
1637,1373.6790133917084,4791.077205422582,"264.4961264544119,50.98903878220805",10569325.012479302
1638,1239.932022732863,4906.315226147822,"264.25496098162193,50.91187194572779",7249532.299038757
1639,1104.1181284022036,5023.385115951888,"264.0108467382112,50.83299253579423",4672070.744155265
1640,970.417149999017,5138.685140621137,"263.77129581716395,50.754830882062556",4200252.010969187
1641,801.4095320850311,5288.501563834125,"263.46359682026815,50.656327818280985",4123412.8767208126
1642,667.7628867778158,5403.87489399492,"263.2258651806216,50.57705055293457",4001540.1122544026
1643,534.1412710272807,5519.28160120187,"262.98893514895946,50.497291178254166",5693280.402749141
1644,400.5450735690056,5634.722550739685,"262.7528062942271,50.417052591936304",4528715.096929527
1645,269.2357087479131,5752.237659161833,"262.51550025382807,50.33867596801391",3340929.557926126
1646,135.69149598233616,5867.748729456284,"262.2809649521951,50.25748336975309",5197161.514716311
1647,2.174315767671942,5983.296208240251,"262.0472300319916,50.175820466472175",1806371.544758139
1648,-131.31497747385765,6098.880555441639,"261.81429556971403,50.093690414051494",25760.69338250728
1649,6231.002200237219,382.8726022527144,"274.1387472617105,53.328887165695534",3495373.29765316
1650,6096.774558264383,497.4783871717473,"273.8696615221356,53.27250806818861",4818304.587890937
1651,5962.54986286145,612.0887947969686,"273.60128777169183,53.21552477793408",3537002.5173364175
1652,5826.070963405012,724.6579238312679,"273.3351361097931,53.15544095856902",4225039.62964654
1653,5693.951134937284,837.487911040741,"273.07237889924113,53.09817470656085",5207607.185796531
1654,5559.739165549261,952.1152924630319,"272.80617010717117,53.03940872804711",7942773.076744704
1655,5425.532657645572,1066.7500089293876,"272.5406896907031,52.98005018165051",3642522.4503861233
1656,5286.9758254717835,1181.1368071264073,"272.2733695549534,52.91667340416963",4501509.500136869
1657,5117.137318104429,1326.2443573906735,"271.9393835018929,52.83995287101379",4560234.263941943
1658,4982.952240646131,1440.9081505637992,"271.67633134560634,52.778673543692484",4381998.322042852
1659,4846.678341852836,1557.3745151120784,"271.40992934129196,52.715842948824985",4701855.437600397
1660,4712.509599627947,1672.0602966890783,"271.14837843883646,52.65339748847245",4266740.452465298
1661,4576.088445882833,1784.709622054112,"270.88920413330493,52.5879073958112",3293496.9412636408
1662,4439.841625943762,1901.212716066434,"270.62511012518314,52.52332184472351",3911304.824382603
1663,4305.701229035558,2015.9369371945786,"270.3658405264179,52.459157450712446",9875317.35132926
1664,4171.571354451966,2130.675508168807,"270.1073286674992,52.39442788375422",3331330.551477322
1665,3999.7338075958323,2277.7063692656625,"269.7772220799646,52.31067196919595",4173759.496425469
1666,3863.5349351191935,2394.27372975139,"269.5164428069593,52.24362855964327",4085668.777247245
1667,3729.443887715544,2509.06463121705,"269.2604474780032,52.17705689826004",3608349.7859474206
1668,3593.270893647252,2625.667047774444,"269.0012385727056,52.108879714898215",3570397.956101133
1669,3459.206515324954,2740.4939019376343,"268.74679404323825,52.041197835594126",3304455.8010943267
1670,3323.061814209689,2857.1342908129727,"268.48916460561844,51.97189930419176",4089139.7093303925
1671,3189.0263087983403,2972.000116369735,"268.2362790668367,51.90311936822799",4577147.111194293
1672,3052.912051026021,3088.6816173150155,"267.98023680882017,51.83271180736936",4752363.67934489
1673,2881.221864401185,3235.911101844713,"267.65837460933045,51.7430999019501",3983362.200088319
1674,2745.1450823667183,3352.643135462022,"267.4041496022796,51.67144368532513",4502438.663042012
1675,2611.178856826508,3467.602378370281,"267.15462331004363,51.600355404506544",4529615.814700571
1676,2475.137404171994,3584.381987201625,"266.9019996328111,51.52761671061794",3511797.5759178475
1677,2341.2070654066174,3699.3895784819697,"266.65405270332104,51.455468707527324",5695296.990712079
1678,2205.2030898208536,3816.2198948921314,"266.4030354080111,51.38165988225723",5619702.3139724955
1679,2071.310838042221,3931.278843499579,"266.1566725746117,51.308464357589266",3333131.104503841
1680,1935.346749281619,4048.162771144235,"265.9072663909244,51.23359788445702",3675001.7531170016
1681,1763.8526587648284,4195.656717321535,"265.5937908634176,51.13839774988977",3749432.795774551
1682,1630.0274861752928,4310.806111406366,"265.35002730491004,51.06351513597713",4183690.0812783856
1683,1496.223910292479,4425.984451014952,"265.10705389259005,50.9881272855625",3495291.1594021614
1684,1360.352048357569,4542.993069247434,"264.8610928899784,50.911047287442244",3677633.2643832467
1685,1228.8562279080957,4660.275890148374,"264.617818556961,50.837026386071116",4526731.547825332
1686,1095.1206707843062,4775.545662093131,"264.3772218078145,50.760128727957174",6444734.636394086
1687,959.3195551716262,4892.6493804781185,"264.1336760048589,50.68152452286719",7480674.647021078
1688,825.6323073324529,5007.984269809506,"263.89467578014677,50.60363559994119",5830005.541059232
1689,656.4698404101246,5154.00311524474,"263.5933268504283,50.50435906801619",4006389.106070051
1690,523.0131546221255,5273.259048747148,"263.35048133510156,50.4264859122713",3974724.713304607
1691,389.4090124617105,5388.705673438043,"263.11407296013374,50.34700481161358",4616160.1876954585
1692,255.83142761005365,5504.188083413639,"262.87845697754,50.267046113431384",3782420.741474268
1693,124.3673401832275,5617.9018440252585,"262.6472960125737,50.18787310537713",8149796.778293054
1694,-6.8956766134306235,5735.495747303476,"262.41127912039866,50.109311636980905",6199060.233118448
1695,-140.3912676969112,5851.088701516605,"262.17801859526634,50.02794061643059",1228.7912850275445
1696,-273.8578419568994,5966.720053810953,"261.94554990218245,49.94610389465066",nan
1697,6086.598713723801,251.96597639885113,"274.2320756852145,53.168360285153156",4560022.3273765
1698,5952.33973679757,366.5466621858086,"273.96389264347715,53.112158244827945",3501895.6419094303
1699,5815.827806223961,479.0871075858104,"273.6978940111368,53.052851848866766",3272143.691969645
1700,5681.577402955548,593.6802601709287,"273.4311360093675,52.99545330873114",3420844.402888279
1701,5547.332824032017,708.2805521896471,"273.1650905104356,52.93745958585204",3465004.8955890764
1702,5413.093992767061,822.8892593537603,"272.8997601673391,52.878873254234314",3562463.286678041
1703,5276.603021696301,935.4592404367577,"272.6366846524418,52.8172057409559",3621347.0338913254
1704,5142.377727076864,1050.086095501004,"272.37281059686325,52.75744613504511",3704796.7866071193
1705,4972.50982704763,1195.1758421579552,"272.03988687393206,52.68097613120507",3583726.1133302595
1706,4836.042883319626,1307.7789994246364,"271.77924170627387,52.61741638856138",3619168.0046284213
1707,4699.7475420258515,1424.2342716265052,"271.51368561619427,52.554796091428045",4047831.782665006
1708,4565.558853275578,1538.910713389032,"271.2529583768223,52.4925604781135",3771727.638766439
1709,4431.380252188761,1653.6007510331488,"270.9929714404641,52.429753486568025",4194160.093177039
1710,4295.115806814955,1770.097663833882,"270.7296825961357,52.36538320840996",3981923.950945863
1711,4160.9592040619455,1884.8173571702464,"270.4711966277654,52.30143341145802",4932788.175178503
1712,4024.7183091979205,2001.3458502028107,"270.2094380544617,52.23590855154328",6670140.192350041
1713,3852.6973396900066,2144.5334518972304,"269.8859994351906,52.15098985594519",4763902.005246071
1714,3716.4856151256067,2261.1013957200876,"269.62599756531944,52.084176407901374",4099800.287759594
1715,3582.3830799918696,2375.8944550216056,"269.37075835104156,52.017833695506994",5260988.591697065
1716,3446.199603609928,2492.5006714823407,"269.1123078962108,51.94989156712017",5244034.165791856
1717,3312.126070968415,2607.3328508053373,"268.85860081350864,51.88244358089093",3188217.178823596
1718,3175.9732574879367,2723.9802565982995,"268.6017108639644,51.81338505386929",6953903.816931529
1719,3041.930931294904,2838.8545749994987,"268.3495441034518,51.744843813934025",4886366.239678763
1720,2905.8109311968283,2955.546310159939,"268.0942223790121,51.67468106413055",3926936.2555402736
1721,2734.1152039778544,3102.791018159174,"267.77325554802,51.58538137094524",4011588.316881366
1722,2598.0353804003107,3219.5369523305253,"267.51972950379036,51.51397526975084",6981590.130588514
1723,2464.067326905605,3334.511465869586,"267.27088211698566,51.4431354913057",10900333.199015176
1724,2328.025202745071,3451.308192558713,"267.01893851492406,51.37065141716005",3360497.424478849
1725,2194.095369558077,3566.3342221669814,"266.77165191878413,51.29875628270277",5082449.621126711
1726,2058.093092402012,3683.184873483825,"266.52129586569873,51.22520644232403",3403323.707461942
1727,1924.2036796036964,3798.2654277673614,"266.27557485381584,51.1522680160241",5151419.778349968
1728,1788.2436590416369,3915.172906898686,"266.0268111465082,51.07766475463496",5580294.587209774
1729,1621.110228416881,4062.9448459207956,"265.7160932969354,50.986356285561286",6874515.3925788775
1730,1485.2004828745403,4179.920019870996,"265.469126402644,50.910571363130295",3514980.508717192
1731,1351.4046016837601,4295.126272717073,"265.226746358073,50.835445107062185",4345059.6033683745
1732,1215.5417210268092,4412.164823051135,"264.9813788608991,50.758632713155166",3886162.4128436227
1733,1081.7931681802984,4527.434901767534,"264.74057489059203,50.68250085193778",4160919.96269816
1734,948.0689180646614,4642.737751668465,"264.5005535448353,50.60587454536833",3925171.8160879053
1735,812.2804704286118,4759.876671488128,"264.2575829427338,50.52754778523298",5845175.98644077
1736,680.868651216043,4877.289884948103,"264.017231574455,50.45229960106295",3791239.4620490866
1737,511.7248165608662,5023.356099502913,"263.7165645909344,50.35336820463526",3580798.7962011755
1738,378.1105235813093,5138.806910156419,"263.4798885117181,50.27465410627731",4521914.3945983825
1739,246.78422973280885,5256.334541885285,"263.24206014588526,50.19781277411723",5412507.558742468
1740,113.22436414407821,5371.858773410115,"263.0069430593242,50.11813933132007",4607175.720850909
1741,-20.30695924923475,5487.4207830924615,"262.7726100767739,50.03799297508522",2267236.1552666742
1742,-153.80981855880418,5603.021838250315,"262.53905987130685,49.957376249813436",nan
1743,-285.02360121596485,5720.699665338187,"262.30432567823453,49.87862654502434",nan
1744,-418.4673241506798,5836.379426574336,"262.07233420535147,49.79707394777165",nan
1745,5942.229915132659,121.03316746099972,"274.32476568581393,53.00777269028949",3217328.4974037553
1746,5805.683313284371,233.54309959519014,"274.05893554573004,52.94923891764293",3683919.9055813244
1747,5671.3974637614465,348.1068302621916,"273.7923566444054,52.89261677270548",4013680.2075005984
1748,5537.117715170295,462.6787680779107,"273.5264769771489,52.83539947339747",3620519.487335691
1749,5402.844928775378,577.2593888594811,"273.26130113272677,52.77758995324089",4392676.601090108
1750,5268.57902791685,691.8499686530149,"272.99683173182274,52.71919075290845",6074805.104308341
1751,5132.062827021027,804.4031827705603,"272.73459776502256,52.657712339500605",6017023.451431931
1752,4997.812734768141,919.015011870868,"272.47156702486507,52.59814558863658",4581581.626351139
1753,4825.656018408032,1062.0395152391948,"272.1412521240285,52.51943787926844",4674435.799240551
1754,4689.329144708155,1178.4706768026867,"271.87578681721004,52.45760620158546",5799177.056002396
1755,4555.109693719629,1293.1244546725943,"271.6151362447816,52.39614677416114",8037844.94538206
1756,4420.901077335305,1407.792500042583,"271.355214349038,52.334115840036866",3632871.600079004
1757,4284.606908626609,1524.2677679157605,"271.09197974763975,52.27053357228955",3589468.6004019286
1758,4150.421325465257,1638.9672266291614,"270.83353475653456,52.207359231015374",3422941.1150090056
1759,4016.2482296833905,1753.6831877670907,"270.57582722454936,52.14362208516101",3544043.4354117685
1760,3879.991750016219,1870.2094738737037,"270.3148500879942,52.078315834474154",4377293.043122724
1761,3705.8574103047986,2015.1894550579318,"269.9883667746536,51.99265146274877",4169431.1346402005
1762,3571.7286480465586,2129.9655358047457,"269.7331197113938,51.927082577557535",4340586.982278931
1763,3437.6145104016887,2244.761524533578,"269.47862032602404,51.86096330798803",5139356.551118989
1764,3301.420416411577,2361.372300515842,"269.22091206352275,51.793250599226404",4167172.114524454
1765,3167.337577804993,2476.2105292692368,"268.9679266966332,51.72603091595815",4584884.414542266
1766,3031.1764792225767,2592.865663535127,"268.71176053901524,51.65720667478654",4752718.849059808
1767,2897.127143734392,2707.7491517268763,"268.4602973775326,51.58889846089209",3042975.0285296924
1768,2761.0011911291294,2824.451784593266,"268.2056810490779,51.5189747245393",3425951.375261969
1769,2589.299631248751,2971.7125185328105,"267.88559088920226,51.429979875172585",3331946.4080445184
1770,2453.216513275907,3088.4729619774803,"267.63274930188277,51.35881800663287",3429980.284477667
1771,2319.246364429664,3203.4633218401304,"267.3845668088979,51.28822090310161",3456841.9482094664
1772,2183.2032784653384,3320.277727044291,"267.1332893256612,51.21598549544001",7246290.011886309
1773,2049.2736465905928,3435.3227233529333,"266.88664958999465,51.144337334690405",11675580.675493728
1774,1913.2727401219045,3552.1942221770496,"266.63694136740884,51.07104045936529",4436147.8328881
1775,1779.3858251705174,3667.2968631947247,"266.3918492378283,50.99835317285475",4113587.987487293
1776,1645.52100437036,3782.429145394597,"266.1475266319754,50.92515482460249",10849299.631777855
1777,1476.3020938385584,3932.0326078258413,"265.83378133477976,50.83302397589325",5079472.333740919
1778,1340.3986954334946,4049.035370300884,"265.58742354948265,50.757500766747896",5328294.147242535
1779,1206.6102117236737,4164.270346457608,"265.34563434217216,50.68263412507137",4724972.252069121
1780,1072.8459151373372,4279.538296769808,"265.1046177101275,50.60726886891569",10344545.102777787
1781,937.0171503814618,4396.6415721698195,"264.8606270370025,50.53021883995381",10005581.005867157
1782,803.3037323323697,4511.977809627534,"264.6211700414055,50.45385772492896",4164106.7519480037
1783,669.6161450928921,4627.349231454511,"264.3824870098673,50.377006814369565",4724891.489156841
1784,533.8669699967868,4744.559855745857,"264.1408675563947,50.29845693688516",4092804.4498878033
1785,367.00279976445836,4892.7164595567965,"263.8389843992888,50.20223612815431",3635682.8351433873
1786,233.4042179787466,5008.2072622558935,"263.6028355226456,50.12379468690313",5630170.278710522
1787,102.09424337892779,5125.776143834708,"263.3655386631731,50.04722975064766",3896351.616677144
1788,-31.447629929207324,5241.343443733894,"263.130931630539,49.967832279047585",1599089.261073595
1789,-164.9598231290911,5356.950065560128,"262.8971001633154,49.88796349035467",nan
1790,-298.4424143963979,5472.597276399916,"262.66404297230366,49.80762590086015",nan
1791,-431.8945494931704,5588.28553533479,"262.4317603286019,49.72682257825274",nan
1792,-563.0563088383315,5706.051605412249,"262.1982908421573,49.647888863625866",nan
1793,4640.605545550231,897.8931189362129,"272.26250995709376,52.31708540775886",3589573.062865721
1794,4506.347609806857,1012.519698659195,"272.00216780910364,52.25644993612707",34015711.77833578
1795,4372.101088253354,1127.162028805053,"271.7425395701123,52.195243408816474",3640555.825933498
1796,4233.510290655685,1241.5631906566364,"271.4811676404889,52.1300213288526",4450157.070612032
1797,4099.288612436945,1356.2390351872345,"271.2230009105094,52.06767577058288",4647020.965725731
1798,3965.0800196636546,1470.932891034437,"270.9655569985799,52.00476774490055",4309441.506764055
1799,3828.6251593312372,1583.5957957548399,"270.71045422844844,51.938831999926286",3871281.6381665734
1800,3692.3480333877765,1700.1204237039292,"270.45048290218335,51.87380633911961",4501089.819292065
1801,3520.451243603176,1847.1504219041176,"270.12359514760004,51.79095955616749",5510716.396875309
1802,3386.3057342082507,1961.9294386056044,"269.86930057597795,51.72567096347266",4129465.438726604
1803,3250.0806319056464,2078.524318993418,"269.61178630959324,51.65880210582067",4315356.946934304
1804,3115.9681807927254,2193.3481513298875,"269.358978398786,51.592413473366314",4199363.868554525
1805,2981.8729949655262,2308.195299827799,"269.10691138227907,51.52548344594669",4568998.570101544
1806,2845.7008497518636,2424.8615244849316,"268.85166632770006,51.45695647658575",3754932.4859766224
1807,2711.642108140047,2539.75793256828,"268.6010986810883,51.38894396086936",3741371.923975514
1808,2575.508096004891,2656.4757186268143,"268.3473802660348,51.31932354566377",4152908.522634476
1809,2403.798515828047,2803.7584892701725,"268.0284061996728,51.230715596112844",6086135.527796869
1810,2267.7107422803047,2920.538715761971,"267.7764361246995,51.15986373006982",9635405.35529721
1811,2133.7374800636526,3035.550554508788,"267.52910034506084,51.08957467667561",4529255.7540303655
1812,1997.6927256199824,3152.3888055766633,"267.27867124759734,51.01765495008024",4354438.7299733395
1813,1863.7629214615076,3267.4592809444057,"267.0328554806998,50.9463203463086",3505563.2964087473
1814,1729.855491936988,3382.559965942305,"266.7877956945388,50.87447138464386",3624827.101632719
1815,1593.8791871653812,3499.4908079450342,"266.5396817348811,50.80097626955939",4095133.3426115974
1816,1460.0185939749044,3614.654553055092,"266.29614919479434,50.72809940456546",4132782.975412646
1817,1288.5447766142092,3762.2556885910444,"265.9852324181627,50.63398732964328",5049318.241947976
1818,1152.6491602496926,3879.295455214984,"265.73966053532484,50.55880056037979",3864895.9455921026
1819,1021.1315153437181,3996.613507557683,"265.49679825909453,50.486658946676094",4631643.958205718
1820,887.3777204748048,4111.921427637463,"265.25652379056197,50.41162587024426",4231089.31402215
1821,753.6504278648436,4227.264769587699,"265.017011913479,50.33609965700293",6554915.372887243
1822,620.1222334326385,4346.49042869754,"264.77267599714725,50.2612702578255",8799063.764255483
1823,486.44936713598236,4461.907230275935,"264.5346931625963,50.18475445014953",8092819.681914046
1824,352.8046279312757,4577.3616370321315,"264.29747428211067,50.10775417204238",5116537.461851562
1825,4496.091732204848,766.7588494505826,"272.3607872295849,52.1578666748293",18102946.517330986
1826,4361.810947825123,881.3757332697078,"272.1012549911381,52.097426178358084",5748572.508899014
1827,4223.18652821598,995.7516679674263,"271.8399453778201,52.032977391532455",4325972.8540284
1828,4088.9314398822016,1110.4039457251538,"271.581850660697,51.97139740618328",5413186.015491673
1829,3954.690338967836,1225.0747745049102,"271.32446786884304,51.909254916071056",5524719.061335914
1830,3820.4634612170216,1339.7651630220348,"271.06779927330314,51.84655258538217",4912175.02976674
1831,3681.8950390480327,1454.2184444355107,"270.80945881329654,51.77983101452115",5130197.66187352
1832,3547.698636805503,1568.9501762880823,"270.5542506201725,51.716012282686584",3797970.3875997774
1833,3375.7830152843476,1715.9820115577631,"270.2283211456078,51.63343935059585",4539778.6679063365
1834,3241.6241060348993,1830.7642292438513,"269.97476460261294,51.568367332294784",3589568.606022551
1835,3105.386559406583,1947.3639466127997,"269.7179910068914,51.50172094222463",3400090.634042511
1836,2971.2630024596806,2062.1941032249774,"269.46590361180773,51.43555379184739",4860197.840330377
1837,2835.0626085598,2178.8439335472704,"269.2106268171917,51.367801088246075",6510419.001724258
1838,2700.9767454064126,2293.72493370587,"268.9600173977478,51.300550435442986",5769673.242578773
1839,2566.9103303789475,2408.6323396743314,"268.7101440363078,51.232766495616275",10229931.047259644
1840,2430.769690002137,2525.362881893317,"268.45712185097227,51.163380568368744",6852053.51595288
1841,2259.0534229195146,2672.6640255732036,"268.1390133105228,51.0750717468202",3654073.5318848966
1842,2122.9616764207153,2789.46062389096,"267.88771918703276,51.00445957853691",3957212.250945837
1843,1988.9856495166355,2904.490144631716,"267.64104020886816,50.93440873249463",4276168.769462466
1844,1855.03209277526,3019.549890309502,"267.3951060944287,50.86383986570726",3347043.849617102
1845,1719.008977615168,3136.4392216504175,"267.1460928553145,50.791641033964225",3468137.130482233
1846,1585.1022158031888,3251.562262301596,"266.9016637419585,50.720036660349415",3381821.9473885964
1847,1449.1277541274458,3368.5173954106394,"266.65418146549996,50.646792055509195",3542298.7294850466
1848,1315.2701226552367,3483.706619505037,"266.41126219652176,50.574163882819406",3997964.1778302114
1849,1143.8017631424887,3631.342664254026,"266.1011185934371,50.48037334768523",3442751.051122066
1850,1010.0022450940378,3746.610537820933,"265.85991251459575,50.406600407726394",3931836.6920278016
1851,876.4004009013033,3865.760535207121,"265.6138844369176,50.33355920288952",3727651.1405740236
1852,742.6544619406332,3981.100577671664,"265.37418641265714,50.258783176341545",3510166.912109716
1853,608.9361629558298,4096.4775904302505,"265.1352424514589,50.18351586916836",3769735.0573546677
1854,475.24573742757366,4211.89257440927,"264.89705251113486,50.10775996144805",4271101.192462541
1855,341.7564070738663,4331.192711678483,"264.654054778559,50.032700287136485",3432872.2996566277
1856,208.1240965471079,4446.685444357599,"264.41737827349044,49.95596436007133",9940353.012329377
1857,4349.51796038663,637.3939458792638,"272.45435271287266,51.997638143059596",9754999.101872366
1858,4215.214099745061,752.0023440701871,"272.1956351921881,51.937381853405434",6389408.761391952
1859,4078.666555913831,864.5797373587329,"271.9391602280838,51.8740768761144",13044225.29431997
1860,3944.390622730576,979.2262430673773,"271.68185255219544,51.81269544126935",4381069.2282203715
1861,3810.1298140570298,1093.8928488046558,"271.42524832493984,51.75075415330712",3757849.072119113
1862,3675.884365684584,1208.5805635363859,"271.169349800299,51.688255644195095",3799245.5887181675
1863,3539.5579005572636,1325.0824023012033,"270.91017855482454,51.62421324148381",4339514.975071245
1864,3403.086154801055,1437.7646523132507,"270.65731653841135,51.558132665019464",3921397.8679114417
1865,3231.1513332170593,1584.7993447618478,"270.33233913772597,51.475831157887264",5611022.5620659245
1866,3096.978735975197,1699.5855605729166,"270.079515923382,51.41097381438614",3465510.0072555067
1867,2960.728451784639,1816.1909253797357,"269.8234783533599,51.34454795756491",3796085.6999889673
1868,2826.593499691402,1931.02820510348,"269.57210702637803,51.278600380171355",3991743.5740873823
1869,2690.3826969984993,2047.6868569235417,"269.31754871441524,51.21107311754453",5112529.379215836
1870,2556.2877317083103,2162.578105623348,"269.0676380816261,51.14404680432174",4342703.458398245
1871,2420.1186106975842,2279.2931454020263,"268.8145672340476,51.07542974218208",6214046.857780717
1872,2286.0657873587825,2394.241423995922,"268.5661249613599,51.007336128489314",6315246.361384761
1873,2114.3424588224225,2541.561969809051,"268.2488770622178,50.91932396825797",3772324.143688432
1874,1980.3400449796172,2656.578383561625,"268.00210513753063,50.8500362823374",4453153.29078048
1875,1844.2673566123117,2773.42376444038,"267.7522294286318,50.77913497310599",3578885.021645695
1876,1710.3118792425125,2888.503547855783,"267.5069400058239,50.70880453207094",4258131.953935544
1877,1574.287977868597,3005.4148172309347,"267.258572783368,50.63685001682316",3994576.2211841545
1878,1440.3815884167916,3120.561021106626,"267.01477114472203,50.56548830120936",3432316.9189932845
1879,1304.4086692714286,3237.54126637812,"266.7679174221523,50.49249224672939",3478226.2297814223
1880,1170.5537029868829,3352.7567787339576,"266.52560845908755,50.420110837326064",3476273.2600986576
1881,999.0904205378492,3500.4287708200645,"266.21623439699994,50.326639372075235",6586160.854396504
1882,867.5569849454178,3617.771572018193,"265.97381721851207,50.25551683165525",37283370.08826202
1883,731.7003271902486,3734.9083367797125,"265.7301947689918,50.18033556260639",35750064.02667782
1884,597.9619451018616,3850.2813145337104,"265.4910707072345,50.105814664017885",3785848.6978448606
1885,464.25234012280725,3965.692811849386,"265.2526922898827,50.030804343675406",3876553.7052815505
1886,330.5717456612956,4081.1438294719383,"265.01505949806585,49.95530725223791",5064237.629583661
1887,199.18101064256462,4198.67704796535,"264.77632700702617,49.88170525918808",9491068.857176563
1888,65.56019513181946,4314.208413774094,"264.5401788842906,49.80523917968761",7146862.631937348
1889,4205.082854191298,506.21695459268994,"272.55132258898067,51.83827781267349",7419501.4215056
1890,4070.7555963592354,620.8172608636323,"272.29340336318324,51.778212879189134",32132074.27629617
1891,3934.1865993571037,733.3879505336508,"272.03770791105234,51.71510098129464",35503925.983115
1892,3799.8895371994977,848.0294755655641,"271.78118180621766,51.65391625867575",3878668.4020345956
1893,3665.608736031928,962.6926505139954,"271.52535079947125,51.59217432665901",3598748.397531078
1894,3529.246809100504,1079.1705291261833,"271.266236445589,51.52890007355806",7297990.8201186685
1895,3394.9999794028813,1193.8800002449889,"271.01181410085564,51.4660431463541",5477488.080372143
1896,3258.512286510785,1306.5632431086024,"270.75968925064547,51.40016838958892",4486501.120227655
1897,3086.5578967962942,1453.6018125185255,"270.4356577434688,51.318135906538735",3730863.2607669765
1898,2950.2747756612243,1570.1866724137317,"270.17962976336406,51.25247697811548",4388256.8578761555
1899,2816.108008739794,1685.0046459417854,"269.92825700184386,51.18728411942477",5007179.988147784
1900,2681.9613722929757,1799.8498475098131,"269.6775973086653,51.1215542251692",3572533.6733452952
1901,2545.739866452828,1916.5181329518482,"269.4237531008293,51.05425047990819",4402493.676760527
1902,2411.6355085816335,2031.420430720691,"269.1745370660269,50.98744660852531",3723699.237285473
1903,2275.4580120546793,2148.148280378503,"268.92216301480033,50.919057831327635",3410781.2868295433
1904,2141.398087992895,2263.110735553468,"268.6743982961465,50.85119128932416",4349543.700815022
1905,1969.6673233862916,2410.4517127851022,"268.3580061573124,50.763473347606336",4602488.665061598
1906,1835.660402740847,2525.4858429058604,"268.1118925034544,50.69441781867997",4165915.6412505587
1907,1699.5843009899877,2642.3508052000707,"267.8626767061748,50.623754522799025",4017956.2927465425
1908,1565.6266086671253,2757.4514325189575,"267.6180285370554,50.55366059623595",13869721.901989639
1909,1429.6016215260875,2874.385459606492,"267.37030395834813,50.48194845568144",8547875.822828732
1910,1295.6953088694777,2989.5556346765447,"267.1271265894406,50.41082748589461",3667522.797944708
1911,1161.8153295715833,3104.7614066776446,"266.8846807524555,50.3392012137469",3863138.8612883864
1912,1025.8710335392434,3221.8044240123977,"266.63919664988225,50.26594148228226",4589423.422887965
1913,854.4124469724866,3369.5134022674524,"266.33058848039855,50.17278663922847",5878604.982420902
1914,722.8834419813156,3486.886853556668,"266.0887714100206,50.101915323024066",38949650.6312768
1915,589.1226520479449,3602.2534974828477,"265.8494708901575,50.02814577785714",8564739.509570805
1916,453.30186699466594,3719.4630341985826,"265.6071852796019,49.95272162113959",3926983.7722160094
1917,319.6006559639236,3834.909830575329,"265.36937001495045,49.877966384964225",3808317.550731694
1918,185.92959189699377,3950.397697239803,"265.13229208761663,49.80272620998718",4144878.0447520427
1919,54.548848173974875,4067.96911211052,"264.89411839962077,49.729384781392824",6128255.08638503
1920,-79.06015964093513,4183.540413240682,"264.6585086645637,49.653179223815926",553214.297244525
1921,4060.690502486179,375.01838554430924,"272.64764441460267,51.67884704548436",5828280.771809472
1922,3926.3395650503894,489.6113889524213,"272.3905177936919,51.61897166584257",9209980.406176547
1923,3792.0049092460845,604.226082981806,"272.1340722458455,51.55853626743919",3642046.4883165965
1924,3653.3312566005807,718.6044556290526,"271.8758560674529,51.49410327707084",3519327.962030591
1925,3519.0304522692086,833.2653620923711,"271.62080371724903,51.432550229365",3790275.5666765566
1926,3384.7474455369647,947.9503568396494,"271.36644079616656,51.37044529197618",7732442.9075616775
1927,3250.48262856413,1062.6603156109995,"271.11276972091184,51.30779111093187",7041992.187991086
1928,3113.9787313762286,1175.3453387945128,"270.8613772233617,51.242120342539685",4069888.750564132
1929,2942.004405717518,1322.3888046335678,"270.5382854555964,51.16035450740119",3751880.860644784
1930,2805.706806951758,1438.9793560320268,"270.2829927039712,51.09490982796872",3441492.1655347412
1931,2671.5269302654797,1553.8044977699196,"270.03233547936276,51.02993037725207",4183233.7404091824
1932,2537.368320359366,1668.6584198216842,"269.782382999533,50.96441629530029",5419393.382195258
1933,2401.1358170895373,1785.33715096467,"269.52924852925406,50.89733416300273",3902874.562703336
1934,2267.0217762326374,1900.2512983346387,"269.28072291350003,50.83075085452274",4900468.457979126
1935,2130.835608587069,2016.9927718746671,"269.02904153606784,50.762588450518166",34969473.98487226
1936,1996.7682920975617,2131.970206058837,"268.78195043144785,50.69494709489455",12732751.317337677
1937,1825.0297167306476,2279.3326441958966,"268.46640917643214,50.607520952496124",4024145.876165139
1938,1691.017996105185,2394.3852952614675,"268.22095012041507,50.53869569008426",3768293.079212231
1939,1554.9381825514333,2511.270657084302,"267.972390622921,50.46826848590283",3652041.310094153
1940,1420.9779807963928,2626.392934783698,"267.7283802671507,50.39840918052497",7579875.890270742
1941,1284.9516081463903,2743.3505396278715,"267.48129495499563,50.32693749098429",6795122.948153057
1942,1151.045076503427,2858.545494271416,"267.2387386448416,50.256055372539215",5830098.573655184
1943,1017.1660145089036,2973.777598163123,"266.9969055688555,50.184670004443625",3387964.3641903554
1944,881.2238131239637,3090.848947573948,"266.7520353202345,50.11165701098866",4107475.915269079
1945,709.7695408557811,3238.595951551907,"266.44418938033004,50.018816364446884",3308103.122231415
1946,578.2446387426835,3356.0008724712116,"266.2029695538765,49.948194358706736",3474005.018152199
1947,444.48965266534015,3471.4005039991052,"265.9642463319207,49.87467422451733",3417095.402618146
1948,310.76516287133745,3586.8410128859896,"265.72625157466194,49.80066558131367",3505117.9102661363
1949,177.0715583767269,3702.3232655308693,"265.4889856603368,49.726171112273455",3284589.6267108377
1950,43.58025030542012,3821.69647017578,"265.2469447641817,49.65240520437549",2279618.331285555
1951,-90.04960583983575,3937.264466214655,"265.01114111362045,49.57693589809472",311884.6117426087
1952,-223.64710842598652,4052.8765206084527,"264.77606766926357,49.50098898403327",nan
1953,3916.3420982643875,243.7971725894613,"272.74332666525197,51.519346019576695",5451308.103716408
1954,3781.967199143558,358.38366158299505,"272.4869869985707,51.459658411489784",4125354.1044994737
1955,3645.5104841846633,474.78439014179366,"272.2273308358589,51.39846772297502",4397331.1565272715
1956,3508.9147358010887,587.3679968195065,"271.9738767599812,51.33517547618704",3601869.8411411825
1957,3374.5933882640093,702.0270799277132,"271.71958690268866,51.273818190727056",3326755.3358008005
1958,3240.290973559789,816.7118033731167,"271.46597835025653,51.21191161175787",5071751.7193081295
1959,3106.0078839120565,931.4230431412934,"271.2130535023641,51.149458354251465",9161503.135068877
1960,2969.647247733109,1047.9543095790468,"270.95687971910536,51.085472609958565",3829800.024009794
1961,2797.492896420359,1191.1600152144656,"270.64023040576365,51.002488221676366",4592795.692274204
1962,2661.1805279107566,1307.7570671229414,"270.3856681634803,50.93725591990548",5921469.785321975
1963,2526.9872531582496,1422.5901746207583,"270.1357219493635,50.872488029379134",4953283.704707703
1964,2390.720145267503,1539.248598451044,"269.8825832938001,50.806163386033276",5429350.932556441
1965,2256.5725859268596,1654.1436045497253,"269.634043186702,50.74032550190663",4518752.982571454
1966,2122.4485717392827,1769.0704020368148,"269.3862038197626,50.673960895464404",7231338.843552025
1967,1986.253437399052,1885.826313491786,"269.13521100041777,50.60602297114201",5348489.549064238
1968,1852.1784367692708,2000.8195291877983,"268.8887895746452,50.53860493442562",4250267.133943614
1969,1680.4316758933578,2148.2044578786345,"268.57409433037014,50.45146819482213",3434441.5921111703
1970,1546.414862026485,2263.2764346430877,"268.32928619975354,50.38287132598771",3690568.960131586
1971,1410.3310381309066,2380.1830143342386,"268.08137938890235,50.31267830953035",12003065.29839013
1972,1276.368032312917,2495.32774915969,"267.83800340304674,50.24305174930981",3539953.267581546
1973,1142.4324922340584,2610.5097374520756,"267.59533992466737,50.17291844153261",5980886.013424568
1974,1006.4329275940736,2727.530295079661,"267.3496155062976,50.10117345984614",3683386.569751014
1975,872.5544862224933,2842.7895405903128,"267.108392084512,50.030027118103774",4356292.216894547
1976,736.6140774732185,2959.8900454700097,"266.86413264704,49.95725895583592",4658894.679799879
1977,569.513462830746,3107.9191638298234,"266.55902547998835,49.86827193834862",4003665.688475168
1978,433.6426101815414,3225.1133260288725,"266.316419799716,49.79435550871056",3942019.4304162906
1979,299.8931283646043,3340.546759129235,"266.078271235246,49.721082911036646",4796541.86051038
1980,166.17527811428408,3456.0226219250753,"265.840843018673,49.64732369974529",4011017.2549572154
1981,32.48944836718056,3571.5417806131213,"265.6041355466552,49.57308052915965",1683191.7869649173
1982,-98.90526198778662,3689.1479833537824,"265.36634708297544,49.5007451302549",136991.35215118408
1983,-234.61316051136237,3806.562050221209,"265.12740389088736,49.42435937119333",nan
1984,-368.1994608333007,3922.2156768845507,"264.89286462067804,49.348669238868474",nan
1985,3772.039843293258,112.55316468695673,"272.8383770217053,51.35977601201765",1323093.8523094703
1986,3635.5408246003462,228.9244766099455,"272.578830795413,51.29934027562868",3429851.898903208
1987,3501.1605248564347,343.53042850227666,"272.323947946782,51.239275381829046",5216203.502218897
1988,3364.543542123148,456.1111149867229,"272.0712491085777,51.17617336277264",5132063.807329248
1989,3230.2013676747947,570.7691657000478,"271.8177164888671,51.115010050393856",4726226.375501695
1990,3095.8792605865347,685.4544098258384,"271.5648571689536,51.05330003308345",4286936.492576428
1991,2959.4792822089094,801.9603739600316,"271.30873847517734,50.990068855767554",3930986.2581447777
1992,2825.1992906450014,916.7026865879116,"271.05724430964233,50.92726496786367",4764628.3411377845
1993,2650.927757391951,1061.7086222253402,"270.7375902798567,50.84354196981842",11108866.764181532
1994,2516.697806937722,1176.519345640966,"270.4876642932837,50.77951633377196",4630354.950161198
1995,2382.4908459608223,1291.3612163104262,"270.238424579262,50.71495817405387",5025373.817103827
1996,2246.2109996560525,1408.0301311415674,"269.9859951840269,50.648848989514526",6658468.4618909545
1997,2112.052041698933,1522.9370333859151,"269.73814526684123,50.583225631685764",5844181.894246327
1998,1977.9177638822566,1637.877281508574,"269.490987988559,50.517077884534274",4480348.3977804575
1999,1841.7133672858072,1754.6484449618097,"269.24067961986253,50.44936256467543",4395587.742143561
2000,1707.6303907850943,1869.658244769168,"268.9949239439841,50.38216599729122",6393026.743581803
2001,1535.8750695811664,2017.0666938551872,"268.6810698426345,50.295316286715874",4217005.596490761
2002,1401.8528691199858,2132.158801276847,"268.4369089669947,50.2269459561416",4469437.043729917
2003,1265.7647362177422,2249.0874174315995,"268.18965122984764,50.15698524119398",8532067.762482554
2004,1131.798631549791,2364.255416427727,"267.94690616888573,50.08758956745375",3882975.8451695023
2005,997.8611275905791,2479.462223429352,"267.7048655218359,50.017689258363944",5518892.895373437
2006,861.8607300613385,2596.5095786284114,"267.4597653894816,49.9461830472168",4231662.696509263
2007,727.9826123787188,2711.7967759277117,"267.21914850834025,49.87527387103857",5374419.38389046
2008,594.1347805205014,2827.1249647692,"266.97923970556354,49.803868264433255",4688742.378987315
2009,424.9459513513939,2976.996029008879,"266.67114684775686,49.71406902891583",3787156.5008305134
2010,291.1692671444007,3092.4198864887903,"266.4328481645349,49.6415373472717",3011156.100714077
2011,155.33494535410318,3209.6918072948383,"266.1915537631959,49.567373224869954",1832927.032190118
2012,21.62343394860727,3325.20383964988,"265.9546895377764,49.4938615888359",412455.8423211848
2013,-112.05492246102585,3440.760721067184,"265.71853806216615,49.41986786198778",0.0
2014,-243.44162437293016,3558.406183559736,"265.4813092714039,49.34778567256003",nan
2015,-377.0521877866022,3674.0543112510495,"265.2465766458834,49.27283194706663",nan
2016,-512.7150164271643,3791.5577346860046,"265.00890731786245,49.196221808900766",nan
2017,3625.6853876532896,-16.923713779134232,"272.928816972047,51.199215696479676",0.0
2018,3491.2620218052707,97.65251756422276,"272.6740446393022,51.13988971239069",127988.09002056718
2019,3356.8583489428856,212.25510781829416,"272.41992959883993,51.08001179477275",1422515.5897727374
2020,3220.219878450656,324.83365640102056,"272.1679807750379,51.01709825488173",2301041.0823558103
2021,3085.85659377707,439.49146525397737,"271.91520016515125,50.956127144530164",3911047.7327956418
2022,2949.4155496905005,555.9702624595466,"271.65915089249506,50.89364641438826",3993972.271387591
2023,2815.0954038596765,670.6869095889006,"271.4077139303882,50.831581170048054",3411896.578624304
2024,2680.797721392655,785.4336677852498,"271.15694793325486,50.76897717489743",3929417.918298623
2025,2506.505907602265,930.4473072481592,"270.8382049107021,50.685512637394424",10734787.622926494
2026,2372.260848808225,1045.2660358685152,"270.58898889278254,50.62169250045787",4799886.729239781
2027,2238.0399136227834,1160.1174669654956,"270.34045118328163,50.557342259861876",3592195.568438314
2028,2101.747035658384,1276.797683608289,"270.0887265999887,50.49144668907562",5929826.645972151
2029,1967.5763896004378,1391.7172814170426,"269.8415626078903,50.426036036316226",4990293.52674484
2030,1833.431557925528,1506.6717806682227,"269.5950832671446,50.36010332311647",3501892.7843480436
2031,1697.2176035460616,1623.459010221458,"269.3454552489237,50.292608750072496",3942922.594863634
2032,1563.1263594428574,1738.4861968018604,"269.10036139928343,50.2256318196309",5391619.503852448
2033,1391.362103039964,1885.919196267053,"268.78734357718247,50.13906678616117",3290789.8518366446
2034,1257.3342225512479,2001.0322394654481,"268.5438262872906,50.07092115543583",3107392.447088833
2035,1121.241481860257,2117.9837108872202,"268.29721401032714,50.00119087281953",3464312.2133781705
2036,987.2719834047325,2233.1757813476784,"268.0550964269254,49.93202424351887",3820301.414347931
2037,853.3322198806864,2348.4082154319753,"267.81367527287836,49.86235508985098",3766410.401684088
2038,717.330688393221,2465.4831903121244,"267.5691961468581,49.791085776310844",4548340.33483759
2039,583.4525972097717,2580.799149950576,"267.3291826854572,49.720411921102816",3369469.6952118026
2040,449.60592595469006,2696.1576564284237,"267.08986934125755,49.64924365804693",2578376.373390235
2041,280.4195886139705,2846.069893152111,"266.7825391217544,49.55975318811072",1250992.0689725496
2042,146.64665665277698,2961.527602957481,"266.54481782021514,49.48746338405245",25539.57232662973
2043,12.906760045634655,3077.0303757863257,"266.30779959781495,49.41468786694031",0.0
2044,-122.88816733143813,3194.3845146012864,"266.06779891356547,49.340280989830156",0.0
2045,-256.55935228964154,3309.979936090518,"265.832200971438,49.26653486714928",nan
2046,-387.93837752998843,3427.6654838687455,"265.5955293675022,49.19470402776521",nan
2047,-521.539497536718,3543.3552465089306,"265.3613345782596,49.12000159070811",nan
2048,-655.1048698596651,3659.0937131890087,"265.12784617341964,49.04482685245204",nan
