time = 2022/03/27 04:50:00
Lon = -70.317876
Lat = -24.681546
elevation = 2176.5999999987857
version = hess_basic
image_size = 200
alt = 51.459637353796644
az = 179.86872929497892
healpix_level = 11
gauss = 3
moon_above_horizon = 0.0
sun_below_horizon = -18.0
source_above_horizon = 10.0
