time = 2022/02/21 00:40:00
Lon = -70.317876
Lat = -24.681546
elevation = 2176.5999999987857
version = hess_basic
image_size = 200
alt = 30.703053170087944
az = 146.44250759696635
healpix_level = 11
gauss = 3
moon_above_horizon = 0.0
sun_below_horizon = -18.0
source_above_horizon = 10.0
