time = 2022/05/16 06:30:00
Lon = -70.317876
Lat = -24.681546
elevation = 2176.5999999987857
version = hess_basic
image_size = 200
alt = 16.514717379882057
az = 211.14067139541112
healpix_level = 11
gauss = 3
moon_above_horizon = 0.0
sun_below_horizon = -18.0
source_above_horizon = 10.0
