time = 2019/05/08 23:37:54
Lon = 14.974609000000001
Lat = 37.693267
elevation = 1750.0000000004288
version = hess_basic
image_size = 200
alt = 37.3
az = 0.2
healpix_level = 11
gauss = 0.0
moon_above_horizon = 0.0
sun_below_horizon = -18.0
source_above_horizon = 10.0
