time = 2022/03/24 07:44:00
Lon = -70.317876
Lat = -24.681546
elevation = 2176.5999999987857
version = hess_basic
image_size = 200
alt = 90.0
az = 0.0
healpix_level = 11
gauss = 3
moon_above_horizon = 0.0
sun_below_horizon = -18.0
source_above_horizon = 10.0
