time = 2022/03/22 01:30:00
Lon = -70.317876
Lat = -24.681546
elevation = 2161.25
version = hess_basic
image_size = 200
alt = 49.6
az  = 157.51
healpixlevel = 11
gauss = 0.0
moon_above_horizon = 0.0
sun_below_horizon = -18.0
source_above_horizon = 10.0